% Time (s)	Gyro Output (rads/s)	Input Rate (RPM)	%8/27/20201:55 PM
0.000	0.000	0.000
3980.410	0.010	0.000
3980.420	0.010	0.000
3980.430	0.010	0.000
3980.440	0.010	0.000
3980.450	0.010	0.000
3980.460	0.010	0.000
3980.470	0.010	0.000
3980.480	0.010	0.000
3980.490	0.010	0.000
3980.500	0.010	0.000
3980.510	0.010	0.000
3980.520	0.010	0.000
3980.530	0.010	0.000
3980.540	0.010	0.000
3980.550	0.010	0.000
3980.560	0.010	0.000
3980.570	0.010	0.000
3980.580	0.010	0.000
3980.590	0.010	0.000
3980.600	0.010	0.000
3980.610	0.010	0.000
3980.620	0.010	0.000
3980.630	0.010	0.000
3980.640	0.010	0.000
3980.650	0.010	0.000
3980.660	0.010	0.000
3980.670	0.010	0.000
3980.680	0.010	0.000
3980.690	0.010	0.000
3980.700	0.010	0.000
3980.710	0.010	0.000
3980.720	0.010	0.000
3980.730	0.010	0.000
3980.740	0.010	0.000
3980.750	0.010	0.000
3980.760	0.010	0.000
3980.770	0.010	0.000
3980.780	0.010	0.000
3980.790	0.010	0.000
3980.800	0.010	0.000
3980.810	0.010	0.000
3980.820	0.010	0.000
3980.830	0.010	0.000
3980.840	0.010	0.000
3980.850	0.010	0.000
3980.860	0.010	0.000
3980.870	0.010	0.000
3980.880	0.010	0.000
3980.890	0.010	0.000
3980.900	0.010	0.000
3980.910	0.010	0.000
3980.920	0.010	0.000
3980.930	0.010	0.000
3980.940	0.010	0.000
3980.950	0.010	0.000
3980.960	0.010	0.000
3980.970	0.010	0.000
3980.980	0.010	0.000
3980.990	0.010	0.000
3981.000	0.010	0.000
3981.010	0.010	0.000
3981.020	0.010	0.000
3981.030	0.010	0.000
3981.040	0.010	0.000
3981.050	0.010	0.000
3981.060	0.010	0.000
3981.070	0.010	0.000
3981.080	0.010	0.000
3981.090	0.010	0.000
3981.100	0.010	0.000
3981.110	0.010	0.000
3981.120	0.010	0.000
3981.130	0.010	0.000
3981.140	0.010	0.000
3981.150	0.010	0.000
3981.160	0.010	0.000
3981.170	0.010	0.000
3981.180	0.010	0.000
3981.190	0.010	0.000
3981.200	0.010	0.000
3981.210	0.010	0.000
3981.220	0.010	0.000
3981.230	0.010	0.000
3981.240	0.010	0.000
3981.250	0.010	0.000
3981.260	0.010	0.000
3981.270	0.010	0.000
3981.280	0.010	0.000
3981.290	0.010	0.000
3981.300	0.010	0.000
3981.310	0.010	0.000
3981.320	0.010	0.000
3981.330	0.010	0.000
3981.340	0.010	0.000
3981.350	0.010	0.000
3981.360	0.010	0.000
3981.370	0.010	0.000
3981.380	0.010	0.000
3981.390	0.010	0.000
3981.400	0.010	0.000
3981.410	0.010	0.000
3981.420	0.010	0.000
3981.430	0.010	0.000
3981.440	0.010	0.000
3981.450	0.010	0.000
3981.460	0.010	0.000
3981.470	0.010	0.000
3981.480	0.010	0.000
3981.490	0.010	0.000
3981.500	0.010	0.000
3981.510	0.010	0.000
3981.520	0.010	0.000
3981.530	0.010	0.000
3981.540	0.010	0.000
3981.550	0.010	0.000
3981.560	0.010	0.000
3981.570	0.010	0.000
3981.580	0.010	0.000
3981.590	0.010	0.000
3981.600	0.010	0.000
3981.610	0.010	0.000
3981.620	0.010	0.000
3981.630	0.010	0.000
3981.640	0.010	0.000
3981.650	0.010	0.000
3981.660	0.010	0.000
3981.670	0.010	0.000
3981.680	0.010	0.000
3981.690	0.010	0.000
3981.700	0.010	0.000
3981.710	0.010	0.000
3981.720	0.010	0.000
3981.730	0.010	0.000
3981.740	0.010	0.000
3981.750	0.010	0.000
3981.760	0.010	0.000
3981.770	0.010	0.000
3981.780	0.010	0.000
3981.790	0.010	0.000
3981.800	0.010	0.000
3981.810	0.010	0.000
3981.820	0.010	0.000
3981.830	0.010	0.000
3981.840	0.010	0.000
3981.850	0.010	0.000
3981.860	0.010	0.000
3981.870	0.010	0.000
3981.880	0.010	0.000
3981.890	0.010	0.000
3981.900	0.010	0.000
3981.910	0.010	0.000
3981.920	0.010	0.000
3981.930	0.010	0.000
3981.940	0.010	0.000
3981.950	0.010	0.000
3981.960	0.010	0.000
3981.970	0.010	0.000
3981.980	0.010	0.000
3981.990	0.010	0.000
3982.000	0.010	0.000
3982.010	0.010	0.000
3982.020	0.010	0.000
3982.030	0.010	0.000
3982.040	0.010	0.000
3982.050	0.010	0.000
3982.060	0.010	0.000
3982.070	0.010	0.073
3982.080	-0.010	0.293
3982.090	-0.010	0.439
3982.100	-0.010	0.586
3982.110	-0.100	0.732
3982.120	-0.100	0.806
3982.130	-0.100	0.879
3982.140	-0.070	0.879
3982.150	-0.070	0.879
3982.160	-0.070	0.806
3982.170	0.030	0.586
3982.180	0.030	0.073
3982.190	0.030	-0.439
3982.200	0.180	-0.952
3982.210	0.180	-1.465
3982.220	0.180	-1.904
3982.230	0.360	-2.344
3982.240	0.360	-3.516
3982.250	0.360	-3.955
3982.260	0.470	-3.955
3982.270	0.470	-4.248
3982.280	0.470	-4.541
3982.290	0.500	-4.907
3982.300	0.500	-5.054
3982.310	0.500	-5.127
3982.320	0.520	-5.273
3982.330	0.520	-5.713
3982.340	0.520	-5.713
3982.350	0.570	-5.713
3982.360	0.570	-6.079
3982.370	0.570	-6.372
3982.380	0.610	-6.299
3982.390	0.610	-6.299
3982.400	0.610	-6.738
3982.410	0.700	-7.031
3982.420	0.700	-7.544
3982.430	0.700	-7.617
3982.440	0.780	-7.690
3982.450	0.780	-8.057
3982.460	0.780	-8.057
3982.470	0.820	-8.350
3982.480	0.820	-8.862
3982.490	0.820	-8.936
3982.500	0.860	-9.155
3982.510	0.860	-9.375
3982.520	0.860	-9.595
3982.530	0.940	-9.668
3982.540	0.940	-9.961
3982.550	0.940	-10.400
3982.560	0.990	-10.400
3982.570	0.990	-10.620
3982.580	0.990	-10.547
3982.590	1.080	-10.986
3982.600	1.080	-10.913
3982.610	1.080	-11.353
3982.620	1.070	-11.206
3982.630	1.070	-11.499
3982.640	1.070	-12.085
3982.650	1.170	-12.231
3982.660	1.170	-12.671
3982.670	1.170	-12.817
3982.680	1.310	-13.403
3982.690	1.310	-13.770
3982.700	1.310	-14.282
3982.710	1.440	-14.575
3982.720	1.440	-15.161
3982.730	1.440	-15.747
3982.740	1.520	-15.601
3982.750	1.520	-15.967
3982.760	1.520	-16.406
3982.770	1.540	-16.479
3982.780	1.540	-16.919
3982.790	1.540	-16.992
3982.800	1.570	-16.992
3982.810	1.570	-16.992
3982.820	1.570	-17.139
3982.830	1.610	-17.212
3982.840	1.610	-17.725
3982.850	1.610	-17.798
3982.860	1.660	-17.578
3982.870	1.660	-18.018
3982.880	1.660	-18.237
3982.890	1.710	-18.457
3982.900	1.710	-18.530
3982.910	1.710	-18.823
3982.920	1.760	-18.970
3982.930	1.760	-19.043
3982.940	1.760	-19.263
3982.950	1.810	-19.556
3982.960	1.810	-19.922
3982.970	1.810	-19.995
3982.980	1.850	-20.068
3982.990	1.850	-19.849
3983.000	1.850	-20.142
3983.010	1.870	-20.435
3983.020	1.870	-20.508
3983.030	1.870	-20.654
3983.040	1.910	-20.654
3983.050	1.910	-20.874
3983.060	1.910	-20.801
3983.070	1.950	-21.094
3983.080	1.950	-21.533
3983.090	1.950	-21.606
3983.100	2.000	-21.680
3983.110	2.000	-21.680
3983.120	2.000	-21.973
3983.130	2.050	-21.973
3983.140	2.050	-22.119
3983.150	2.050	-22.339
3983.160	2.080	-22.339
3983.170	2.080	-22.412
3983.180	2.080	-22.705
3983.190	2.090	-22.705
3983.200	2.090	-22.852
3983.210	2.090	-22.998
3983.220	2.090	-22.998
3983.230	2.090	-22.925
3983.240	2.090	-22.778
3983.250	2.070	-22.778
3983.260	2.070	-22.925
3983.270	2.070	-22.778
3983.280	2.040	-22.778
3983.290	2.040	-22.632
3983.300	2.040	-22.632
3983.310	2.020	-22.485
3983.320	2.020	-22.412
3983.330	2.020	-22.119
3983.340	1.990	-22.192
3983.350	1.990	-21.899
3983.360	1.990	-21.753
3983.370	1.980	-21.680
3983.380	1.980	-21.606
3983.390	1.980	-21.606
3983.400	1.990	-21.606
3983.410	1.990	-21.533
3983.420	1.990	-21.460
3983.430	1.960	-21.753
3983.440	1.960	-21.387
3983.450	1.960	-21.533
3983.460	1.900	-21.167
3983.470	1.900	-21.094
3983.480	1.900	-21.021
3983.490	1.870	-20.947
3983.500	1.870	-20.801
3983.510	1.870	-20.654
3983.520	1.880	-20.874
3983.530	1.880	-20.508
3983.540	1.880	-20.728
3983.550	1.930	-20.581
3983.560	1.930	-20.947
3983.570	1.930	-21.021
3983.580	1.940	-21.094
3983.590	1.940	-21.094
3983.600	1.940	-21.021
3983.610	1.920	-21.313
3983.620	1.920	-20.874
3983.630	1.920	-21.094
3983.640	1.890	-20.801
3983.650	1.890	-21.021
3983.660	1.890	-20.947
3983.670	1.890	-20.947
3983.680	1.890	-20.874
3983.690	1.890	-20.801
3983.700	1.900	-21.021
3983.710	1.900	-20.654
3983.720	1.900	-20.874
3983.730	1.890	-20.581
3983.740	1.890	-20.728
3983.750	1.890	-20.654
3983.760	1.860	-20.581
3983.770	1.860	-20.581
3983.780	1.860	-20.361
3983.790	1.820	-20.435
3983.800	1.820	-19.849
3983.810	1.820	-19.922
3983.820	1.800	-19.849
3983.830	1.800	-19.922
3983.840	1.800	-19.995
3983.850	1.770	-19.556
3983.860	1.770	-19.336
3983.870	1.770	-19.116
3983.880	1.710	-19.116
3983.890	1.710	-18.896
3983.900	1.710	-18.896
3983.910	1.680	-18.823
3983.920	1.680	-18.750
3983.930	1.680	-18.677
3983.940	1.710	-18.750
3983.950	1.710	-18.677
3983.960	1.710	-18.750
3983.970	1.720	-18.750
3983.980	1.720	-18.677
3983.990	1.720	-18.823
3984.000	1.690	-18.823
3984.010	1.690	-18.750
3984.020	1.690	-18.677
3984.030	1.690	-18.750
3984.040	1.690	-18.604
3984.050	1.690	-18.750
3984.060	1.730	-18.896
3984.070	1.730	-18.823
3984.080	1.730	-18.970
3984.090	1.740	-18.970
3984.100	1.740	-18.970
3984.110	1.740	-19.043
3984.120	1.730	-19.116
3984.130	1.730	-19.116
3984.140	1.730	-19.189
3984.150	1.750	-19.336
3984.160	1.750	-19.189
3984.170	1.750	-19.116
3984.180	1.760	-19.189
3984.190	1.760	-19.189
3984.200	1.760	-19.336
3984.210	1.750	-19.482
3984.220	1.750	-19.043
3984.230	1.750	-19.116
3984.240	1.740	-19.043
3984.250	1.740	-19.043
3984.260	1.740	-19.189
3984.270	1.710	-18.896
3984.280	1.710	-18.750
3984.290	1.710	-18.823
3984.300	1.720	-18.896
3984.310	1.720	-18.896
3984.320	1.720	-18.896
3984.330	1.740	-18.896
3984.340	1.740	-18.896
3984.350	1.740	-19.116
3984.360	1.760	-19.116
3984.370	1.760	-19.482
3984.380	1.760	-19.336
3984.390	1.790	-19.336
3984.400	1.790	-19.482
3984.410	1.790	-20.068
3984.420	1.830	-20.068
3984.430	1.830	-20.361
3984.440	1.830	-20.581
3984.450	1.890	-20.581
3984.460	1.890	-20.288
3984.470	1.890	-20.728
3984.480	1.940	-20.874
3984.490	1.940	-21.167
3984.500	1.940	-21.240
3984.510	1.990	-21.387
3984.520	1.990	-21.680
3984.530	1.990	-21.606
3984.540	2.040	-22.046
3984.550	2.040	-21.973
3984.560	2.040	-22.559
3984.570	2.070	-22.559
3984.580	2.070	-22.705
3984.590	2.070	-22.778
3984.600	2.090	-23.145
3984.610	2.090	-23.071
3984.620	2.090	-23.071
3984.630	2.090	-23.145
3984.640	2.090	-23.145
3984.650	2.090	-23.145
3984.660	2.100	-23.218
3984.670	2.100	-23.145
3984.680	2.100	-23.291
3984.690	2.100	-23.218
3984.700	2.100	-23.071
3984.710	2.100	-23.145
3984.720	2.100	-23.291
3984.730	2.100	-23.218
3984.740	2.100	-23.218
3984.750	2.090	-23.145
3984.760	2.090	-23.071
3984.770	2.090	-22.925
3984.780	2.060	-22.998
3984.790	2.060	-22.778
3984.800	2.060	-22.705
3984.810	2.000	-22.339
3984.820	2.000	-22.046
3984.830	2.000	-21.826
3984.840	1.930	-21.680
3984.850	1.930	-21.680
3984.860	1.930	-21.606
3984.870	1.930	-21.606
3984.880	1.930	-21.167
3984.890	1.930	-21.313
3984.900	1.950	-21.313
3984.910	1.950	-21.753
3984.920	1.950	-21.899
3984.930	1.980	-21.899
3984.940	1.980	-21.680
3984.950	1.980	-21.826
3984.960	2.010	-21.826
3984.970	2.010	-21.899
3984.980	2.010	-22.046
3984.990	2.030	-21.973
3985.000	2.030	-22.119
3985.010	2.030	-21.899
3985.020	2.000	-22.266
3985.030	2.000	-22.046
3985.040	2.000	-22.266
3985.050	1.980	-22.046
3985.060	1.980	-22.266
3985.070	1.980	-21.973
3985.080	1.970	-22.119
3985.090	1.970	-21.753
3985.100	1.970	-21.899
3985.110	1.980	-21.899
3985.120	1.980	-21.680
3985.130	1.980	-21.606
3985.140	1.960	-21.533
3985.150	1.960	-21.680
3985.160	1.960	-21.460
3985.170	1.950	-21.753
3985.180	1.950	-21.387
3985.190	1.950	-21.826
3985.200	1.930	-21.460
3985.210	1.930	-21.460
3985.220	1.930	-21.240
3985.230	1.910	-21.387
3985.240	1.910	-21.240
3985.250	1.910	-21.021
3985.260	1.900	-21.094
3985.270	1.900	-20.728
3985.280	1.900	-20.947
3985.290	1.860	-20.508
3985.300	1.860	-20.435
3985.310	1.860	-20.215
3985.320	1.810	-20.288
3985.330	1.810	-20.215
3985.340	1.810	-20.068
3985.350	1.770	-19.995
3985.360	1.770	-19.482
3985.370	1.770	-19.409
3985.380	1.710	-19.263
3985.390	1.710	-19.116
3985.400	1.710	-18.750
3985.410	1.670	-18.750
3985.420	1.670	-18.604
3985.430	1.670	-18.018
3985.440	1.630	-18.018
3985.450	1.630	-17.871
3985.460	1.630	-17.871
3985.470	1.600	-17.871
3985.480	1.600	-17.651
3985.490	1.600	-17.725
3985.500	1.600	-17.725
3985.510	1.600	-17.944
3985.520	1.600	-17.651
3985.530	1.610	-17.432
3985.540	1.610	-17.798
3985.550	1.610	-17.651
3985.560	1.570	-17.505
3985.570	1.570	-17.358
3985.580	1.570	-17.139
3985.590	1.510	-17.212
3985.600	1.510	-16.846
3985.610	1.510	-16.479
3985.620	1.470	-16.699
3985.630	1.470	-16.260
3985.640	1.470	-16.187
3985.650	1.480	-16.406
3985.660	1.480	-16.113
3985.670	1.480	-16.333
3985.680	1.530	-16.626
3985.690	1.530	-16.406
3985.700	1.530	-16.699
3985.710	1.600	-17.065
3985.720	1.600	-17.139
3985.730	1.600	-17.871
3985.740	1.690	-17.871
3985.750	1.690	-17.798
3985.760	1.690	-18.457
3985.770	1.770	-18.823
3985.780	1.770	-18.970
3985.790	1.770	-19.482
3985.800	1.850	-19.995
3985.810	1.850	-20.068
3985.820	1.850	-20.435
3985.830	1.930	-20.435
3985.840	1.930	-20.874
3985.850	1.930	-21.167
3985.860	1.980	-21.313
3985.870	1.980	-21.313
3985.880	1.980	-21.533
3985.890	2.000	-21.753
3985.900	2.000	-21.680
3985.910	2.000	-21.899
3985.920	2.030	-21.973
3985.930	2.030	-22.266
3985.940	2.030	-22.266
3985.950	2.060	-22.485
3985.960	2.060	-22.559
3985.970	2.060	-22.778
3985.980	2.090	-22.852
3985.990	2.090	-22.925
3986.000	2.090	-22.925
3986.010	2.120	-23.218
3986.020	2.120	-23.145
3986.030	2.120	-23.291
3986.040	2.150	-23.364
3986.050	2.150	-23.437
3986.060	2.150	-23.511
3986.070	2.170	-23.584
3986.080	2.170	-23.584
3986.090	2.170	-23.730
3986.100	2.190	-23.950
3986.110	2.190	-23.730
3986.120	2.190	-23.950
3986.130	2.200	-24.023
3986.140	2.200	-24.023
3986.150	2.200	-23.950
3986.160	2.190	-24.097
3986.170	2.190	-24.023
3986.180	2.190	-24.023
3986.190	2.170	-23.804
3986.200	2.170	-23.730
3986.210	2.170	-23.730
3986.220	2.130	-23.657
3986.230	2.130	-23.364
3986.240	2.130	-23.218
3986.250	2.080	-23.218
3986.260	2.080	-22.778
3986.270	2.080	-22.778
3986.280	2.010	-22.632
3986.290	2.010	-22.559
3986.300	2.010	-22.192
3986.310	1.950	-22.119
3986.320	1.950	-21.460
3986.330	1.950	-21.460
3986.340	1.900	-21.387
3986.350	1.900	-21.021
3986.360	1.900	-20.947
3986.370	1.840	-20.508
3986.380	1.840	-20.508
3986.390	1.840	-19.995
3986.400	1.790	-20.068
3986.410	1.790	-19.702
3986.420	1.790	-19.849
3986.430	1.740	-19.702
3986.440	1.740	-19.189
3986.450	1.740	-19.043
3986.460	1.690	-18.970
3986.470	1.690	-18.604
3986.480	1.690	-18.457
3986.490	1.630	-18.384
3986.500	1.630	-18.091
3986.510	1.630	-18.018
3986.520	1.580	-17.578
3986.530	1.580	-17.285
3986.540	1.580	-17.505
3986.550	1.520	-17.065
3986.560	1.520	-16.699
3986.570	1.520	-16.699
3986.580	1.470	-16.333
3986.590	1.470	-16.260
3986.600	1.470	-16.260
3986.610	1.420	-15.747
3986.620	1.420	-15.894
3986.630	1.420	-15.820
3986.640	1.380	-15.234
3986.650	1.380	-15.381
3986.660	1.380	-14.941
3986.670	1.360	-15.015
3986.680	1.360	-15.015
3986.690	1.360	-14.941
3986.700	1.330	-14.575
3986.710	1.330	-14.648
3986.720	1.330	-14.355
3986.730	1.300	-14.355
3986.740	1.300	-14.502
3986.750	1.300	-14.282
3986.760	1.310	-14.282
3986.770	1.310	-14.282
3986.780	1.310	-14.355
3986.790	1.300	-14.355
3986.800	1.300	-14.209
3986.810	1.300	-14.136
3986.820	1.280	-14.136
3986.830	1.280	-14.062
3986.840	1.280	-13.916
3986.850	1.260	-13.916
3986.860	1.260	-13.916
3986.870	1.260	-13.843
3986.880	1.260	-13.843
3986.890	1.260	-13.696
3986.900	1.260	-13.696
3986.910	1.270	-13.696
3986.920	1.270	-13.696
3986.930	1.270	-13.843
3986.940	1.270	-13.843
3986.950	1.270	-13.916
3986.960	1.270	-13.843
3986.970	1.270	-13.916
3986.980	1.270	-13.770
3986.990	1.270	-13.623
3987.000	1.210	-13.770
3987.010	1.210	-13.330
3987.020	1.210	-13.330
3987.030	1.120	-12.744
3987.040	1.120	-12.744
3987.050	1.120	-12.012
3987.060	0.980	-11.499
3987.070	0.980	-11.206
3987.080	0.980	-10.400
3987.090	0.820	-10.400
3987.100	0.820	-9.668
3987.110	0.820	-9.082
3987.120	0.740	-9.082
3987.130	0.740	-8.789
3987.140	0.740	-8.789
3987.150	0.780	-8.789
3987.160	0.780	-8.496
3987.170	0.780	-8.936
3987.180	0.900	-8.936
3987.190	0.900	-9.302
3987.200	0.900	-10.181
3987.210	1.010	-10.181
3987.220	1.010	-10.327
3987.230	1.010	-11.206
3987.240	1.120	-11.206
3987.250	1.120	-11.646
3987.260	1.120	-12.598
3987.270	1.220	-12.598
3987.280	1.220	-13.037
3987.290	1.220	-13.623
3987.300	1.280	-13.623
3987.310	1.280	-13.623
3987.320	1.280	-14.209
3987.330	1.340	-14.209
3987.340	1.340	-14.502
3987.350	1.340	-14.868
3987.360	1.380	-14.868
3987.370	1.380	-14.722
3987.380	1.380	-15.527
3987.390	1.420	-15.527
3987.400	1.420	-15.308
3987.410	1.420	-15.967
3987.420	1.470	-15.967
3987.430	1.470	-15.674
3987.440	1.470	-16.187
3987.450	1.490	-16.187
3987.460	1.490	-16.040
3987.470	1.490	-16.406
3987.480	1.510	-16.406
3987.490	1.510	-16.187
3987.500	1.510	-16.479
3987.510	1.510	-16.479
3987.520	1.510	-16.333
3987.530	1.510	-16.333
3987.540	1.480	-16.333
3987.550	1.480	-16.187
3987.560	1.480	-16.040
3987.570	1.450	-16.040
3987.580	1.450	-16.040
3987.590	1.450	-15.601
3987.600	1.420	-15.601
3987.610	1.420	-15.747
3987.620	1.420	-15.308
3987.630	1.390	-15.308
3987.640	1.390	-15.527
3987.650	1.390	-15.088
3987.660	1.370	-15.088
3987.670	1.370	-15.308
3987.680	1.370	-15.234
3987.690	1.380	-15.015
3987.700	1.380	-15.308
3987.710	1.380	-15.161
3987.720	1.380	-15.015
3987.730	1.380	-15.088
3987.740	1.380	-14.941
3987.750	1.360	-14.868
3987.760	1.360	-14.795
3987.770	1.360	-14.941
3987.780	1.320	-14.941
3987.790	1.320	-14.429
3987.800	1.320	-14.282
3987.810	1.260	-14.282
3987.820	1.260	-14.209
3987.830	1.260	-13.916
3987.840	1.230	-13.916
3987.850	1.230	-13.843
3987.860	1.230	-13.623
3987.870	1.230	-13.623
3987.880	1.230	-13.477
3987.890	1.230	-13.623
3987.900	1.240	-13.623
3987.910	1.240	-13.550
3987.920	1.240	-13.623
3987.930	1.270	-13.623
3987.940	1.270	-13.843
3987.950	1.270	-14.062
3987.960	1.290	-14.062
3987.970	1.290	-14.209
3987.980	1.290	-14.282
3987.990	1.320	-14.282
3988.000	1.320	-14.502
3988.010	1.320	-14.648
3988.020	1.380	-14.648
3988.030	1.380	-15.088
3988.040	1.380	-14.941
3988.050	1.410	-14.941
3988.060	1.410	-15.454
3988.070	1.410	-15.308
3988.080	1.440	-15.308
3988.090	1.440	-15.894
3988.100	1.440	-15.747
3988.110	1.480	-15.747
3988.120	1.480	-16.113
3988.130	1.480	-16.406
3988.140	1.530	-16.406
3988.150	1.530	-16.699
3988.160	1.530	-16.846
3988.170	1.590	-16.846
3988.180	1.590	-17.432
3988.190	1.590	-17.212
3988.200	1.620	-17.212
3988.210	1.620	-17.871
3988.220	1.620	-17.505
3988.230	1.620	-17.505
3988.240	1.620	-17.651
3988.250	1.620	-17.944
3988.260	1.610	-17.944
3988.270	1.610	-17.505
3988.280	1.610	-17.432
3988.290	1.590	-17.944
3988.300	1.590	-17.651
3988.310	1.590	-17.432
3988.320	1.590	-17.578
3988.330	1.590	-17.578
3988.340	1.590	-17.798
3988.350	1.600	-17.578
3988.360	1.600	-17.358
3988.370	1.600	-17.871
3988.380	1.600	-17.725
3988.390	1.600	-17.578
3988.400	1.600	-17.578
3988.410	1.600	-17.798
3988.420	1.600	-17.871
3988.430	1.600	-17.578
3988.440	1.610	-17.505
3988.450	1.610	-17.798
3988.460	1.610	-17.725
3988.470	1.620	-17.725
3988.480	1.620	-17.725
3988.490	1.620	-18.164
3988.500	1.640	-18.164
3988.510	1.640	-17.944
3988.520	1.640	-18.164
3988.530	1.670	-18.164
3988.540	1.670	-18.164
3988.550	1.670	-18.237
3988.560	1.670	-18.237
3988.570	1.670	-18.311
3988.580	1.670	-18.604
3988.590	1.690	-18.604
3988.600	1.690	-18.604
3988.610	1.690	-18.750
3988.620	1.700	-18.750
3988.630	1.700	-18.750
3988.640	1.700	-18.823
3988.650	1.720	-18.823
3988.660	1.720	-18.970
3988.670	1.720	-19.043
3988.680	1.720	-18.970
3988.690	1.720	-18.896
3988.700	1.720	-18.970
3988.710	1.710	-19.116
3988.720	1.710	-18.970
3988.730	1.710	-18.896
3988.740	1.690	-18.823
3988.750	1.690	-18.677
3988.760	1.690	-18.530
3988.770	1.640	-18.311
3988.780	1.640	-18.237
3988.790	1.640	-18.091
3988.800	1.590	-17.725
3988.810	1.590	-17.505
3988.820	1.590	-17.505
3988.830	1.540	-17.578
3988.840	1.540	-17.065
3988.850	1.540	-16.919
3988.860	1.530	-17.212
3988.870	1.530	-16.919
3988.880	1.530	-16.772
3988.890	1.530	-16.992
3988.900	1.530	-16.699
3988.910	1.530	-16.626
3988.920	1.510	-16.699
3988.930	1.510	-16.479
3988.940	1.510	-16.479
3988.950	1.470	-16.406
3988.960	1.470	-16.040
3988.970	1.470	-16.113
3988.980	1.440	-16.187
3988.990	1.440	-15.820
3989.000	1.440	-15.894
3989.010	1.430	-15.967
3989.020	1.430	-15.674
3989.030	1.430	-15.527
3989.040	1.420	-15.820
3989.050	1.420	-15.747
3989.060	1.420	-15.601
3989.070	1.400	-15.674
3989.080	1.400	-15.527
3989.090	1.400	-15.454
3989.100	1.400	-15.601
3989.110	1.400	-15.527
3989.120	1.400	-15.454
3989.130	1.430	-15.747
3989.140	1.430	-15.601
3989.150	1.430	-15.527
3989.160	1.470	-15.894
3989.170	1.470	-15.967
3989.180	1.470	-16.113
3989.190	1.500	-16.113
3989.200	1.500	-16.187
3989.210	1.500	-16.479
3989.220	1.520	-16.479
3989.230	1.520	-16.406
3989.240	1.520	-16.699
3989.250	1.530	-16.553
3989.260	1.530	-16.479
3989.270	1.530	-16.699
3989.280	1.520	-16.699
3989.290	1.520	-16.772
3989.300	1.520	-16.772
3989.310	1.530	-16.626
3989.320	1.530	-16.919
3989.330	1.530	-16.846
3989.340	1.580	-16.919
3989.350	1.580	-17.505
3989.360	1.580	-17.505
3989.370	1.630	-17.358
3989.380	1.630	-17.578
3989.390	1.630	-17.944
3989.400	1.700	-18.311
3989.410	1.700	-18.457
3989.420	1.700	-18.750
3989.430	1.770	-18.970
3989.440	1.770	-19.116
3989.450	1.770	-19.263
3989.460	1.860	-19.775
3989.470	1.860	-20.215
3989.480	1.860	-20.361
3989.490	1.930	-20.728
3989.500	1.930	-20.654
3989.510	1.930	-21.167
3989.520	1.990	-21.387
3989.530	1.990	-21.680
3989.540	1.990	-21.680
3989.550	2.020	-21.899
3989.560	2.020	-21.826
3989.570	2.020	-21.826
3989.580	2.040	-22.119
3989.590	2.040	-22.046
3989.600	2.040	-22.266
3989.610	2.050	-22.192
3989.620	2.050	-22.119
3989.630	2.050	-22.192
3989.640	2.050	-22.559
3989.650	2.050	-22.485
3989.660	2.050	-22.632
3989.670	2.050	-22.632
3989.680	2.050	-22.632
3989.690	2.050	-22.632
3989.700	2.050	-22.778
3989.710	2.050	-22.559
3989.720	2.050	-22.705
3989.730	2.040	-22.632
3989.740	2.040	-22.559
3989.750	2.040	-22.266
3989.760	2.020	-22.412
3989.770	2.020	-22.192
3989.780	2.020	-22.046
3989.790	2.000	-21.973
3989.800	2.000	-21.753
3989.810	2.000	-21.826
3989.820	1.970	-21.680
3989.830	1.970	-21.680
3989.840	1.970	-21.387
3989.850	1.950	-21.753
3989.860	1.950	-21.313
3989.870	1.950	-21.460
3989.880	1.930	-21.167
3989.890	1.930	-21.167
3989.900	1.930	-21.021
3989.910	1.910	-21.021
3989.920	1.910	-20.947
3989.930	1.910	-20.801
3989.940	1.860	-20.947
3989.950	1.860	-20.435
3989.960	1.860	-20.361
3989.970	1.820	-20.215
3989.980	1.820	-20.288
3989.990	1.820	-20.215
3990.000	1.780	-19.995
3990.010	1.780	-19.702
3990.020	1.780	-19.263
3990.030	1.730	-19.263
3990.040	1.730	-19.043
3990.050	1.730	-18.970
3990.060	1.680	-18.823
3990.070	1.680	-18.530
3990.080	1.680	-18.384
3990.090	1.630	-18.384
3990.100	1.630	-17.944
3990.110	1.630	-17.871
3990.120	1.590	-18.018
3990.130	1.590	-17.578
3990.140	1.590	-17.212
3990.150	1.540	-17.285
3990.160	1.540	-17.139
3990.170	1.540	-16.919
3990.180	1.490	-16.772
3990.190	1.490	-16.260
3990.200	1.490	-16.406
3990.210	1.460	-16.333
3990.220	1.460	-16.040
3990.230	1.460	-15.967
3990.240	1.410	-15.894
3990.250	1.410	-15.601
3990.260	1.410	-15.308
3990.270	1.380	-15.601
3990.280	1.380	-15.234
3990.290	1.380	-15.161
3990.300	1.350	-15.234
3990.310	1.350	-14.722
3990.320	1.350	-15.015
3990.330	1.340	-15.015
3990.340	1.340	-14.575
3990.350	1.340	-14.868
3990.360	1.320	-14.868
3990.370	1.320	-14.355
3990.380	1.320	-14.429
3990.390	1.310	-14.429
3990.400	1.310	-14.429
3990.410	1.310	-14.429
3990.420	1.320	-14.429
3990.430	1.320	-14.355
3990.440	1.320	-14.429
3990.450	1.340	-14.429
3990.460	1.340	-14.575
3990.470	1.340	-14.575
3990.480	1.350	-14.575
3990.490	1.350	-14.575
3990.500	1.350	-14.795
3990.510	1.380	-14.795
3990.520	1.380	-15.161
3990.530	1.380	-14.795
3990.540	1.390	-15.234
3990.550	1.390	-15.381
3990.560	1.390	-15.015
3990.570	1.400	-15.454
3990.580	1.400	-15.674
3990.590	1.400	-15.308
3990.600	1.440	-15.820
3990.610	1.440	-15.894
3990.620	1.440	-15.527
3990.630	1.460	-15.894
3990.640	1.460	-16.040
3990.650	1.460	-15.674
3990.660	1.460	-16.040
3990.670	1.460	-16.113
3990.680	1.460	-15.674
3990.690	1.470	-16.040
3990.700	1.470	-16.113
3990.710	1.470	-15.894
3990.720	1.480	-16.260
3990.730	1.480	-16.333
3990.740	1.480	-16.113
3990.750	1.510	-16.479
3990.760	1.510	-16.479
3990.770	1.510	-16.479
3990.780	1.540	-16.992
3990.790	1.540	-16.772
3990.800	1.540	-17.139
3990.810	1.550	-17.139
3990.820	1.550	-16.919
3990.830	1.550	-17.139
3990.840	1.550	-17.139
3990.850	1.550	-16.992
3990.860	1.550	-16.919
3990.870	1.540	-16.919
3990.880	1.540	-16.846
3990.890	1.540	-17.065
3990.900	1.520	-16.846
3990.910	1.520	-16.626
3990.920	1.520	-17.065
3990.930	1.520	-16.772
3990.940	1.520	-16.626
3990.950	1.520	-16.919
3990.960	1.540	-16.699
3990.970	1.540	-16.699
3990.980	1.540	-16.846
3990.990	1.560	-16.846
3991.000	1.560	-17.065
3991.010	1.560	-16.992
3991.020	1.580	-16.992
3991.030	1.580	-17.578
3991.040	1.580	-17.432
3991.050	1.630	-17.358
3991.060	1.630	-17.871
3991.070	1.630	-18.018
3991.080	1.680	-18.311
3991.090	1.680	-18.237
3991.100	1.680	-18.384
3991.110	1.720	-18.677
3991.120	1.720	-18.823
3991.130	1.720	-18.970
3991.140	1.740	-19.043
3991.150	1.740	-18.896
3991.160	1.740	-18.896
3991.170	1.720	-18.896
3991.180	1.720	-18.750
3991.190	1.720	-18.604
3991.200	1.670	-18.604
3991.210	1.670	-18.604
3991.220	1.670	-18.311
3991.230	1.630	-18.311
3991.240	1.630	-18.091
3991.250	1.630	-18.237
3991.260	1.620	-18.237
3991.270	1.620	-18.018
3991.280	1.620	-17.944
3991.290	1.620	-17.944
3991.300	1.620	-18.018
3991.310	1.620	-17.725
3991.320	1.620	-17.651
3991.330	1.620	-17.651
3991.340	1.620	-18.091
3991.350	1.640	-18.091
3991.360	1.640	-18.018
3991.370	1.640	-17.944
3991.380	1.640	-18.018
3991.390	1.640	-18.164
3991.400	1.640	-17.798
3991.410	1.570	-17.505
3991.420	1.570	-17.798
3991.430	1.570	-17.285
3991.440	1.460	-16.846
3991.450	1.460	-16.699
3991.460	1.460	-16.040
3991.470	1.370	-16.040
3991.480	1.370	-15.747
3991.490	1.370	-14.941
3991.500	1.310	-15.015
3991.510	1.310	-15.015
3991.520	1.310	-14.502
3991.530	1.300	-14.648
3991.540	1.300	-14.575
3991.550	1.300	-14.355
3991.560	1.340	-14.648
3991.570	1.340	-14.575
3991.580	1.340	-14.648
3991.590	1.400	-15.088
3991.600	1.400	-15.015
3991.610	1.400	-15.015
3991.620	1.420	-15.308
3991.630	1.420	-15.234
3991.640	1.420	-15.381
3991.650	1.390	-15.381
3991.660	1.390	-15.234
3991.670	1.390	-15.381
3991.680	1.340	-14.941
3991.690	1.340	-14.941
3991.700	1.340	-15.234
3991.710	1.330	-14.722
3991.720	1.330	-14.722
3991.730	1.330	-14.941
3991.740	1.330	-14.575
3991.750	1.330	-14.648
3991.760	1.330	-14.941
3991.770	1.370	-14.722
3991.780	1.370	-15.088
3991.790	1.370	-15.308
3991.800	1.410	-14.941
3991.810	1.410	-15.527
3991.820	1.410	-15.820
3991.830	1.490	-15.674
3991.840	1.490	-16.113
3991.850	1.490	-16.479
3991.860	1.560	-16.479
3991.870	1.560	-16.772
3991.880	1.560	-16.992
3991.890	1.600	-17.065
3991.900	1.600	-17.578
3991.910	1.600	-17.358
3991.920	1.620	-17.358
3991.930	1.620	-17.798
3991.940	1.620	-17.871
3991.950	1.630	-17.944
3991.960	1.630	-17.798
3991.970	1.630	-17.944
3991.980	1.660	-18.237
3991.990	1.660	-18.091
3992.000	1.660	-17.944
3992.010	1.660	-18.311
3992.020	1.660	-18.311
3992.030	1.660	-18.384
3992.040	1.660	-18.311
3992.050	1.660	-18.091
3992.060	1.660	-18.384
3992.070	1.660	-18.457
3992.080	1.660	-18.311
3992.090	1.660	-18.091
3992.100	1.650	-18.311
3992.110	1.650	-18.311
3992.120	1.650	-18.164
3992.130	1.630	-18.018
3992.140	1.630	-18.018
3992.150	1.630	-18.091
3992.160	1.640	-18.311
3992.170	1.640	-17.871
3992.180	1.640	-17.651
3992.190	1.620	-18.091
3992.200	1.620	-17.798
3992.210	1.620	-17.798
3992.220	1.600	-17.651
3992.230	1.600	-17.578
3992.240	1.600	-17.871
3992.250	1.600	-17.578
3992.260	1.600	-17.578
3992.270	1.600	-17.578
3992.280	1.590	-17.432
3992.290	1.590	-17.432
3992.300	1.590	-17.432
3992.310	1.590	-17.432
3992.320	1.590	-17.798
3992.330	1.590	-17.358
3992.340	1.570	-17.139
3992.350	1.570	-17.432
3992.360	1.570	-17.358
3992.370	1.560	-17.139
3992.380	1.560	-17.065
3992.390	1.560	-16.919
3992.400	1.490	-16.846
3992.410	1.490	-16.626
3992.420	1.490	-16.406
3992.430	1.470	-16.772
3992.440	1.470	-16.333
3992.450	1.470	-16.187
3992.460	1.480	-16.406
3992.470	1.480	-16.187
3992.480	1.480	-16.260
3992.490	1.470	-16.406
3992.500	1.470	-16.113
3992.510	1.470	-16.187
3992.520	1.480	-16.406
3992.530	1.480	-15.967
3992.540	1.480	-16.260
3992.550	1.480	-16.479
3992.560	1.480	-15.967
3992.570	1.480	-16.113
3992.580	1.470	-16.260
3992.590	1.470	-15.967
3992.600	1.470	-16.187
3992.610	1.470	-16.260
3992.620	1.470	-15.820
3992.630	1.470	-16.040
3992.640	1.470	-16.260
3992.650	1.470	-15.894
3992.660	1.470	-16.040
3992.670	1.460	-16.187
3992.680	1.460	-15.747
3992.690	1.460	-15.820
3992.700	1.440	-16.040
3992.710	1.440	-15.820
3992.720	1.440	-15.894
3992.730	1.440	-16.040
3992.740	1.440	-15.747
3992.750	1.440	-15.674
3992.760	1.470	-15.967
3992.770	1.470	-15.967
3992.780	1.470	-16.113
3992.790	1.490	-16.187
3992.800	1.490	-16.113
3992.810	1.490	-16.406
3992.820	1.520	-16.406
3992.830	1.520	-16.406
3992.840	1.520	-16.772
3992.850	1.560	-16.992
3992.860	1.560	-16.919
3992.870	1.560	-17.065
3992.880	1.600	-17.358
3992.890	1.600	-17.578
3992.900	1.600	-17.432
3992.910	1.650	-17.578
3992.920	1.650	-17.944
3992.930	1.650	-18.091
3992.940	1.670	-18.091
3992.950	1.670	-18.018
3992.960	1.670	-18.237
3992.970	1.690	-18.457
3992.980	1.690	-18.384
3992.990	1.690	-18.384
3993.000	1.700	-18.604
3993.010	1.700	-18.530
3993.020	1.700	-18.677
3993.030	1.730	-18.823
3993.040	1.730	-18.896
3993.050	1.730	-18.970
3993.060	1.780	-19.116
3993.070	1.780	-19.116
3993.080	1.780	-19.336
3993.090	1.810	-19.702
3993.100	1.810	-19.775
3993.110	1.810	-20.068
3993.120	1.850	-19.922
3993.130	1.850	-19.922
3993.140	1.850	-19.995
3993.150	1.860	-20.435
3993.160	1.860	-20.435
3993.170	1.860	-20.435
3993.180	1.860	-20.581
3993.190	1.860	-20.142
3993.200	1.860	-20.361
3993.210	1.840	-20.142
3993.220	1.840	-20.215
3993.230	1.840	-20.288
3993.240	1.830	-20.215
3993.250	1.830	-20.215
3993.260	1.830	-19.922
3993.270	1.800	-19.922
3993.280	1.800	-19.629
3993.290	1.800	-19.849
3993.300	1.800	-19.995
3993.310	1.800	-19.849
3993.320	1.800	-19.922
3993.330	1.820	-19.702
3993.340	1.820	-19.702
3993.350	1.820	-19.629
3993.360	1.820	-19.849
3993.370	1.820	-19.849
3993.380	1.820	-19.702
3993.390	1.780	-19.702
3993.400	1.780	-19.336
3993.410	1.780	-19.409
3993.420	1.740	-19.409
3993.430	1.740	-19.263
3993.440	1.740	-19.116
3993.450	1.690	-18.970
3993.460	1.690	-18.750
3993.470	1.690	-18.604
3993.480	1.650	-18.384
3993.490	1.650	-18.237
3993.500	1.650	-18.311
3993.510	1.620	-18.164
3993.520	1.620	-17.798
3993.530	1.620	-17.725
3993.540	1.600	-17.725
3993.550	1.600	-17.651
3993.560	1.600	-17.358
3993.570	1.580	-17.285
3993.580	1.580	-17.651
3993.590	1.580	-17.212
3993.600	1.580	-17.212
3993.610	1.580	-17.212
3993.620	1.580	-17.651
3993.630	1.600	-17.651
3993.640	1.600	-17.212
3993.650	1.600	-17.725
3993.660	1.610	-17.725
3993.670	1.610	-17.578
3993.680	1.610	-17.578
3993.690	1.620	-17.578
3993.700	1.620	-17.725
3993.710	1.620	-17.725
3993.720	1.640	-17.725
3993.730	1.640	-17.651
3993.740	1.640	-18.164
3993.750	1.660	-18.164
3993.760	1.660	-18.091
3993.770	1.660	-18.164
3993.780	1.660	-18.164
3993.790	1.660	-18.237
3993.800	1.660	-17.871
3993.810	1.640	-17.871
3993.820	1.640	-18.018
3993.830	1.640	-18.091
3993.840	1.630	-18.091
3993.850	1.630	-17.725
3993.860	1.630	-17.578
3993.870	1.600	-17.944
3993.880	1.600	-17.651
3993.890	1.600	-17.358
3993.900	1.560	-17.432
3993.910	1.560	-17.358
3993.920	1.560	-17.285
3993.930	1.540	-17.065
3993.940	1.540	-16.919
3993.950	1.540	-17.285
3993.960	1.560	-16.919
3993.970	1.560	-16.699
3993.980	1.560	-17.139
3993.990	1.580	-17.139
3994.000	1.580	-17.065
3994.010	1.580	-17.212
3994.020	1.570	-17.212
3994.030	1.570	-17.358
3994.040	1.570	-17.065
3994.050	1.570	-16.992
3994.060	1.570	-17.505
3994.070	1.570	-17.139
3994.080	1.560	-17.065
3994.090	1.560	-17.212
3994.100	1.560	-17.212
3994.110	1.550	-17.139
3994.120	1.550	-16.992
3994.130	1.550	-16.846
3994.140	1.560	-17.285
3994.150	1.560	-17.065
3994.160	1.560	-16.992
3994.170	1.580	-17.505
3994.180	1.580	-17.285
3994.190	1.580	-17.285
3994.200	1.630	-17.505
3994.210	1.630	-17.725
3994.220	1.630	-18.018
3994.230	1.660	-17.944
3994.240	1.660	-17.871
3994.250	1.660	-18.237
3994.260	1.670	-18.311
3994.270	1.670	-18.311
3994.280	1.670	-18.164
3994.290	1.660	-18.237
3994.300	1.660	-18.311
3994.310	1.660	-18.237
3994.320	1.640	-18.091
3994.330	1.640	-18.018
3994.340	1.640	-18.018
3994.350	1.630	-18.164
3994.360	1.630	-17.725
3994.370	1.630	-17.578
3994.380	1.600	-18.018
3994.390	1.600	-17.651
3994.400	1.600	-17.358
3994.410	1.560	-17.358
3994.420	1.560	-17.139
3994.430	1.560	-17.358
3994.440	1.510	-16.992
3994.450	1.510	-16.553
3994.460	1.510	-16.919
3994.470	1.490	-16.626
3994.480	1.490	-16.406
3994.490	1.490	-16.626
3994.500	1.490	-16.333
3994.510	1.490	-16.260
3994.520	1.490	-16.479
3994.530	1.480	-16.187
3994.540	1.480	-16.333
3994.550	1.480	-16.553
3994.560	1.500	-16.333
3994.570	1.500	-16.406
3994.580	1.500	-16.479
3994.590	1.500	-16.406
3994.600	1.500	-16.626
3994.610	1.500	-16.553
3994.620	1.510	-16.479
3994.630	1.510	-16.919
3994.640	1.510	-16.772
3994.650	1.570	-16.772
3994.660	1.570	-17.139
3994.670	1.570	-17.212
3994.680	1.620	-17.358
3994.690	1.620	-17.432
3994.700	1.620	-17.651
3994.710	1.660	-18.164
3994.720	1.660	-18.018
3994.730	1.660	-18.018
3994.740	1.680	-18.384
3994.750	1.680	-18.457
3994.760	1.680	-18.530
3994.770	1.690	-18.604
3994.780	1.690	-18.530
3994.790	1.690	-18.604
3994.800	1.690	-18.750
3994.810	1.690	-18.604
3994.820	1.690	-18.457
3994.830	1.680	-18.457
3994.840	1.680	-18.604
3994.850	1.680	-18.384
3994.860	1.660	-18.384
3994.870	1.660	-18.237
3994.880	1.660	-18.384
3994.890	1.650	-18.384
3994.900	1.650	-18.164
3994.910	1.650	-18.091
3994.920	1.640	-18.091
3994.930	1.640	-18.091
3994.940	1.640	-17.871
3994.950	1.620	-17.871
3994.960	1.620	-17.651
3994.970	1.620	-17.871
3994.980	1.600	-17.871
3994.990	1.600	-17.798
3995.000	1.600	-17.725
3995.010	1.610	-17.725
3995.020	1.610	-18.018
3995.030	1.610	-17.725
3995.040	1.650	-17.725
3995.050	1.650	-18.018
3995.060	1.650	-18.384
3995.070	1.680	-18.384
3995.080	1.680	-18.164
3995.090	1.680	-18.237
3995.100	1.680	-18.457
3995.110	1.680	-18.457
3995.120	1.680	-18.311
3995.130	1.670	-18.311
3995.140	1.670	-18.311
3995.150	1.670	-18.164
3995.160	1.630	-18.164
3995.170	1.630	-17.798
3995.180	1.630	-17.651
3995.190	1.560	-17.651
3995.200	1.560	-17.578
3995.210	1.560	-17.139
3995.220	1.490	-16.846
3995.230	1.490	-17.139
3995.240	1.490	-16.333
3995.250	1.450	-16.333
3995.260	1.450	-16.479
3995.270	1.450	-16.113
3995.280	1.440	-16.187
3995.290	1.440	-16.187
3995.300	1.440	-15.674
3995.310	1.440	-16.040
3995.320	1.440	-16.040
3995.330	1.440	-15.601
3995.340	1.450	-16.040
3995.350	1.450	-16.113
3995.360	1.450	-15.601
3995.370	1.460	-15.967
3995.380	1.460	-16.187
3995.390	1.460	-15.894
3995.400	1.490	-16.333
3995.410	1.490	-16.333
3995.420	1.490	-16.187
3995.430	1.520	-16.626
3995.440	1.520	-16.479
3995.450	1.520	-16.479
3995.460	1.510	-16.919
3995.470	1.510	-16.553
3995.480	1.510	-16.406
3995.490	1.510	-16.846
3995.500	1.510	-16.479
3995.510	1.510	-16.406
3995.520	1.480	-16.626
3995.530	1.480	-16.113
3995.540	1.480	-16.260
3995.550	1.470	-16.479
3995.560	1.470	-16.113
3995.570	1.470	-16.333
3995.580	1.470	-16.406
3995.590	1.470	-15.967
3995.600	1.470	-16.113
3995.610	1.470	-16.333
3995.620	1.470	-16.040
3995.630	1.470	-16.333
3995.640	1.480	-16.333
3995.650	1.480	-15.894
3995.660	1.480	-16.040
3995.670	1.480	-16.260
3995.680	1.480	-15.967
3995.690	1.480	-16.113
3995.700	1.440	-16.113
3995.710	1.440	-15.747
3995.720	1.440	-15.820
3995.730	1.410	-15.820
3995.740	1.410	-15.747
3995.750	1.410	-15.747
3995.760	1.410	-15.747
3995.770	1.410	-15.527
3995.780	1.410	-15.674
3995.790	1.430	-15.674
3995.800	1.430	-15.674
3995.810	1.430	-15.601
3995.820	1.430	-15.747
3995.830	1.430	-15.674
3995.840	1.430	-15.747
3995.850	1.460	-15.894
3995.860	1.460	-15.967
3995.870	1.460	-16.187
3995.880	1.490	-16.113
3995.890	1.490	-16.113
3995.900	1.490	-16.333
3995.910	1.500	-16.406
3995.920	1.500	-16.406
3995.930	1.500	-16.699
3995.940	1.500	-16.479
3995.950	1.500	-16.479
3995.960	1.500	-16.626
3995.970	1.500	-16.406
3995.980	1.500	-16.553
3995.990	1.500	-16.626
3996.000	1.490	-16.406
3996.010	1.490	-16.406
3996.020	1.490	-16.406
3996.030	1.500	-16.333
3996.040	1.500	-16.479
3996.050	1.500	-16.333
3996.060	1.500	-16.260
3996.070	1.500	-16.553
3996.080	1.500	-16.406
3996.090	1.510	-16.406
3996.100	1.510	-16.626
3996.110	1.510	-16.406
3996.120	1.520	-16.479
3996.130	1.520	-16.626
3996.140	1.520	-16.553
3996.150	1.530	-16.772
3996.160	1.530	-16.772
3996.170	1.530	-16.553
3996.180	1.560	-17.065
3996.190	1.560	-16.846
3996.200	1.560	-16.846
3996.210	1.580	-17.432
3996.220	1.580	-17.212
3996.230	1.580	-16.992
3996.240	1.600	-17.505
3996.250	1.600	-17.578
3996.260	1.600	-17.651
3996.270	1.630	-17.578
3996.280	1.630	-17.578
3996.290	1.630	-18.018
3996.300	1.650	-18.091
3996.310	1.650	-17.871
3996.320	1.650	-18.091
3996.330	1.680	-18.311
3996.340	1.680	-18.237
3996.350	1.680	-18.237
3996.360	1.690	-18.237
3996.370	1.690	-18.457
3996.380	1.690	-18.457
3996.390	1.690	-18.530
3996.400	1.690	-18.384
3996.410	1.690	-18.457
3996.420	1.690	-18.530
3996.430	1.690	-18.530
3996.440	1.690	-18.530
3996.450	1.690	-18.604
3996.460	1.690	-18.457
3996.470	1.690	-18.677
3996.480	1.710	-18.677
3996.490	1.710	-18.677
3996.500	1.710	-18.604
3996.510	1.730	-18.823
3996.520	1.730	-18.823
3996.530	1.730	-18.896
3996.540	1.750	-19.043
3996.550	1.750	-19.116
3996.560	1.750	-19.263
3996.570	1.780	-19.263
3996.580	1.780	-19.409
3996.590	1.780	-19.849
3996.600	1.830	-19.849
3996.610	1.830	-20.068
3996.620	1.830	-20.508
3996.630	1.890	-20.508
3996.640	1.890	-20.361
3996.650	1.890	-20.508
3996.660	1.930	-20.508
3996.670	1.930	-20.947
3996.680	1.930	-21.167
3996.690	1.960	-21.167
3996.700	1.960	-21.313
3996.710	1.960	-21.533
3996.720	1.970	-21.533
3996.730	1.970	-21.387
3996.740	1.970	-21.460
3996.750	1.960	-21.460
3996.760	1.960	-21.753
3996.770	1.960	-21.460
3996.780	1.960	-21.460
3996.790	1.960	-21.313
3996.800	1.960	-21.313
3996.810	1.930	-21.313
3996.820	1.930	-21.021
3996.830	1.930	-20.728
3996.840	1.880	-20.728
3996.850	1.880	-20.801
3996.860	1.880	-20.435
3996.870	1.810	-20.435
3996.880	1.810	-20.288
3996.890	1.810	-20.142
3996.900	1.780	-20.215
3996.910	1.780	-19.629
3996.920	1.780	-19.336
3996.930	1.760	-19.336
3996.940	1.760	-19.409
3996.950	1.760	-19.409
3996.960	1.750	-19.409
3996.970	1.750	-19.336
3996.980	1.750	-19.336
3996.990	1.770	-19.336
3997.000	1.770	-19.336
3997.010	1.770	-19.775
3997.020	1.810	-19.775
3997.030	1.810	-19.556
3997.040	1.810	-19.629
3997.050	1.840	-19.629
3997.060	1.840	-19.995
3997.070	1.840	-20.361
3997.080	1.870	-20.361
3997.090	1.870	-20.581
3997.100	1.870	-20.508
3997.110	1.880	-20.508
3997.120	1.880	-20.215
3997.130	1.880	-20.581
3997.140	1.860	-20.581
3997.150	1.860	-20.581
3997.160	1.860	-20.581
3997.170	1.840	-20.361
3997.180	1.840	-20.288
3997.190	1.840	-19.775
3997.200	1.780	-19.702
3997.210	1.780	-19.702
3997.220	1.780	-19.482
3997.230	1.710	-19.043
3997.240	1.710	-19.043
3997.250	1.710	-18.604
3997.260	1.650	-18.604
3997.270	1.650	-18.018
3997.280	1.650	-17.871
3997.290	1.540	-17.871
3997.300	1.540	-17.432
3997.310	1.540	-16.919
3997.320	1.490	-16.919
3997.330	1.490	-16.553
3997.340	1.490	-16.406
3997.350	1.480	-16.406
3997.360	1.480	-16.187
3997.370	1.480	-16.333
3997.380	1.490	-16.333
3997.390	1.490	-16.187
3997.400	1.490	-16.406
3997.410	1.490	-16.406
3997.420	1.490	-16.333
3997.430	1.490	-16.626
3997.440	1.500	-16.479
3997.450	1.500	-16.406
3997.460	1.500	-16.479
3997.470	1.510	-16.479
3997.480	1.510	-16.479
3997.490	1.510	-16.699
3997.500	1.560	-16.626
3997.510	1.560	-16.846
3997.520	1.560	-16.992
3997.530	1.610	-17.065
3997.540	1.610	-17.725
3997.550	1.610	-17.505
3997.560	1.650	-17.505
3997.570	1.650	-18.018
3997.580	1.650	-18.164
3997.590	1.670	-18.311
3997.600	1.670	-18.237
3997.610	1.670	-18.384
3997.620	1.700	-18.604
3997.630	1.700	-18.604
3997.640	1.700	-18.750
3997.650	1.740	-18.970
3997.660	1.740	-18.970
3997.670	1.740	-19.043
3997.680	1.780	-19.263
3997.690	1.780	-19.263
3997.700	1.780	-19.556
3997.710	1.800	-19.922
3997.720	1.800	-19.409
3997.730	1.800	-19.556
3997.740	1.780	-19.409
3997.750	1.780	-19.482
3997.760	1.780	-19.775
3997.770	1.760	-19.556
3997.780	1.760	-19.263
3997.790	1.760	-19.043
3997.800	1.710	-19.043
3997.810	1.710	-18.677
3997.820	1.710	-18.604
3997.830	1.600	-18.311
3997.840	1.600	-18.091
3997.850	1.600	-17.505
3997.860	1.470	-16.992
3997.870	1.470	-16.919
3997.880	1.470	-16.406
3997.890	1.380	-16.187
3997.900	1.380	-15.967
3997.910	1.380	-15.308
3997.920	1.350	-15.454
3997.930	1.350	-15.308
3997.940	1.350	-14.868
3997.950	1.360	-15.234
3997.960	1.360	-15.015
3997.970	1.360	-14.795
3997.980	1.390	-15.234
3997.990	1.390	-15.088
3998.000	1.390	-15.015
3998.010	1.420	-15.381
3998.020	1.420	-15.308
3998.030	1.420	-15.234
3998.040	1.420	-15.527
3998.050	1.420	-15.454
3998.060	1.420	-15.527
3998.070	1.410	-15.674
3998.080	1.410	-15.527
3998.090	1.410	-15.601
3998.100	1.420	-15.674
3998.110	1.420	-15.674
3998.120	1.420	-15.674
3998.130	1.430	-15.747
3998.140	1.430	-15.747
3998.150	1.430	-15.820
3998.160	1.450	-15.820
3998.170	1.450	-16.040
3998.180	1.450	-16.113
3998.190	1.470	-16.113
3998.200	1.470	-16.260
3998.210	1.470	-16.260
3998.220	1.500	-16.260
3998.230	1.500	-16.479
3998.240	1.500	-16.553
3998.250	1.520	-16.553
3998.260	1.520	-16.772
3998.270	1.520	-16.919
3998.280	1.550	-16.919
3998.290	1.550	-16.846
3998.300	1.550	-17.432
3998.310	1.580	-17.432
3998.320	1.580	-17.139
3998.330	1.580	-17.578
3998.340	1.610	-17.578
3998.350	1.610	-17.725
3998.360	1.610	-17.578
3998.370	1.620	-17.651
3998.380	1.620	-18.018
3998.390	1.620	-17.798
3998.400	1.630	-17.798
3998.410	1.630	-17.578
3998.420	1.630	-17.944
3998.430	1.620	-17.944
3998.440	1.620	-17.871
3998.450	1.620	-17.651
3998.460	1.600	-17.651
3998.470	1.600	-18.018
3998.480	1.600	-17.432
3998.490	1.590	-17.432
3998.500	1.590	-17.651
3998.510	1.590	-17.578
3998.520	1.580	-17.578
3998.530	1.580	-17.358
3998.540	1.580	-17.725
3998.550	1.570	-17.725
3998.560	1.570	-17.358
3998.570	1.570	-17.432
3998.580	1.550	-17.432
3998.590	1.550	-17.139
3998.600	1.550	-17.065
3998.610	1.530	-17.065
3998.620	1.530	-16.919
3998.630	1.530	-16.846
3998.640	1.520	-16.846
3998.650	1.520	-16.699
3998.660	1.520	-17.212
3998.670	1.560	-17.065
3998.680	1.560	-16.992
3998.690	1.560	-17.505
3998.700	1.630	-17.871
3998.710	1.630	-17.871
3998.720	1.630	-18.091
3998.730	1.710	-18.530
3998.740	1.710	-18.677
3998.750	1.710	-18.896
3998.760	1.780	-18.896
3998.770	1.780	-19.629
3998.780	1.780	-19.556
3998.790	1.820	-19.556
3998.800	1.820	-19.849
3998.810	1.820	-20.288
3998.820	1.870	-20.288
3998.830	1.870	-20.508
3998.840	1.870	-20.874
3998.850	1.900	-20.874
3998.860	1.900	-20.728
3998.870	1.900	-21.021
3998.880	1.920	-20.874
3998.890	1.920	-21.167
3998.900	1.920	-21.240
3998.910	1.940	-21.313
3998.920	1.940	-21.313
3998.930	1.940	-21.313
3998.940	1.950	-21.533
3998.950	1.950	-21.387
3998.960	1.950	-21.533
3998.970	1.960	-21.460
3998.980	1.960	-21.680
3998.990	1.960	-21.606
3999.000	1.950	-21.680
3999.010	1.950	-21.313
3999.020	1.950	-21.460
3999.030	1.940	-21.460
3999.040	1.940	-21.240
3999.050	1.940	-21.240
3999.060	1.900	-21.094
3999.070	1.900	-21.167
3999.080	1.900	-20.801
3999.090	1.850	-20.801
3999.100	1.850	-20.361
3999.110	1.850	-20.581
3999.120	1.820	-20.508
3999.130	1.820	-20.288
3999.140	1.820	-20.288
3999.150	1.790	-19.849
3999.160	1.790	-19.702
3999.170	1.790	-19.482
3999.180	1.750	-19.702
3999.190	1.750	-19.629
3999.200	1.750	-19.482
3999.210	1.720	-19.263
3999.220	1.720	-19.043
3999.230	1.720	-18.970
3999.240	1.700	-18.970
3999.250	1.700	-18.823
3999.260	1.700	-18.750
3999.270	1.690	-18.750
3999.280	1.690	-18.530
3999.290	1.690	-18.530
3999.300	1.700	-18.530
3999.310	1.700	-18.530
3999.320	1.700	-18.530
3999.330	1.680	-18.604
3999.340	1.680	-18.457
3999.350	1.680	-18.384
3999.360	1.690	-18.530
3999.370	1.690	-18.530
3999.380	1.690	-18.530
3999.390	1.680	-18.457
3999.400	1.680	-18.311
3999.410	1.680	-18.311
3999.420	1.660	-18.457
3999.430	1.660	-18.311
3999.440	1.660	-18.311
3999.450	1.640	-18.311
3999.460	1.640	-18.164
3999.470	1.640	-17.944
3999.480	1.640	-17.944
3999.490	1.640	-17.798
3999.500	1.640	-18.091
3999.510	1.630	-18.164
3999.520	1.630	-17.944
3999.530	1.630	-17.798
3999.540	1.620	-18.018
3999.550	1.620	-18.018
3999.560	1.620	-17.798
3999.570	1.620	-17.651
3999.580	1.620	-17.871
3999.590	1.620	-17.871
3999.600	1.620	-17.871
3999.610	1.620	-17.505
3999.620	1.620	-17.505
3999.630	1.630	-17.944
3999.640	1.630	-17.871
3999.650	1.630	-17.651
3999.660	1.630	-17.798
3999.670	1.630	-17.871
3999.680	1.630	-18.018
3999.690	1.650	-18.018
3999.700	1.650	-17.871
3999.710	1.650	-18.237
3999.720	1.680	-18.237
3999.730	1.680	-18.237
3999.740	1.680	-18.018
3999.750	1.690	-18.384
3999.760	1.690	-18.530
3999.770	1.690	-18.530
3999.780	1.700	-18.530
3999.790	1.700	-18.457
3999.800	1.700	-18.677
3999.810	1.720	-18.823
3999.820	1.720	-18.896
3999.830	1.720	-18.970
3999.840	1.750	-19.189
3999.850	1.750	-19.116
3999.860	1.750	-19.116
3999.870	1.780	-19.263
3999.880	1.780	-19.336
3999.890	1.780	-19.556
3999.900	1.780	-19.629
3999.910	1.780	-19.263
3999.920	1.780	-19.336
3999.930	1.770	-19.336
3999.940	1.770	-19.409
3999.950	1.770	-19.482
3999.960	1.740	-19.189
3999.970	1.740	-19.043
3999.980	1.740	-18.896
3999.990	1.690	-18.896
4000.000	1.690	-18.750
4000.010	1.690	-18.677
4000.020	1.670	-18.530
4000.030	1.670	-18.457
4000.040	1.670	-18.384
4000.050	1.670	-18.311
4000.060	1.670	-18.311
4000.070	1.670	-18.311
4000.080	1.670	-18.384
4000.090	1.670	-18.164
4000.100	1.670	-18.091
4000.110	1.660	-18.311
4000.120	1.660	-18.311
4000.130	1.660	-18.237
4000.140	1.630	-18.018
4000.150	1.630	-17.871
4000.160	1.630	-18.237
4000.170	1.640	-18.091
4000.180	1.640	-17.944
4000.190	1.640	-17.944
4000.200	1.640	-18.018
4000.210	1.640	-18.091
4000.220	1.640	-17.578
4000.230	1.630	-17.578
4000.240	1.630	-17.944
4000.250	1.630	-18.018
4000.260	1.620	-17.944
4000.270	1.620	-17.651
4000.280	1.620	-17.651
4000.290	1.610	-17.944
4000.300	1.610	-17.725
4000.310	1.610	-17.505
4000.320	1.620	-17.798
4000.330	1.620	-17.798
4000.340	1.620	-17.798
4000.350	1.610	-17.578
4000.360	1.610	-17.432
4000.370	1.610	-17.871
4000.380	1.630	-17.798
4000.390	1.630	-17.651
4000.400	1.630	-17.871
4000.410	1.670	-18.091
4000.420	1.670	-18.311
4000.430	1.670	-18.237
4000.440	1.710	-18.311
4000.450	1.710	-18.457
4000.460	1.710	-18.604
4000.470	1.720	-18.750
4000.480	1.720	-18.750
4000.490	1.720	-18.823
4000.500	1.720	-18.823
4000.510	1.720	-18.823
4000.520	1.720	-18.823
4000.530	1.720	-18.970
4000.540	1.720	-18.896
4000.550	1.720	-18.896
4000.560	1.730	-18.970
4000.570	1.730	-18.896
4000.580	1.730	-19.043
4000.590	1.750	-19.336
4000.600	1.750	-19.189
4000.610	1.750	-19.263
4000.620	1.810	-19.263
4000.630	1.810	-19.482
4000.640	1.810	-19.849
4000.650	1.880	-20.215
4000.660	1.880	-20.435
4000.670	1.880	-20.361
4000.680	1.910	-20.801
4000.690	1.910	-20.361
4000.700	1.910	-20.728
4000.710	1.880	-20.801
4000.720	1.880	-20.728
4000.730	1.880	-20.874
4000.740	1.820	-20.508
4000.750	1.820	-20.288
4000.760	1.820	-19.775
4000.770	1.790	-19.849
4000.780	1.790	-19.556
4000.790	1.790	-19.702
4000.800	1.740	-19.556
4000.810	1.740	-18.970
4000.820	1.740	-18.677
4000.830	1.640	-18.677
4000.840	1.640	-18.311
4000.850	1.640	-18.164
4000.860	1.580	-18.164
4000.870	1.580	-17.871
4000.880	1.580	-17.432
4000.890	1.520	-17.212
4000.900	1.520	-16.919
4000.910	1.520	-16.992
4000.920	1.460	-16.553
4000.930	1.460	-16.187
4000.940	1.460	-16.187
4000.950	1.400	-16.113
4000.960	1.400	-15.820
4000.970	1.400	-15.527
4000.980	1.380	-15.454
4000.990	1.380	-15.234
4001.000	1.380	-15.015
4001.010	1.360	-15.234
4001.020	1.360	-15.015
4001.030	1.360	-14.868
4001.040	1.350	-15.015
4001.050	1.350	-14.648
4001.060	1.350	-14.648
4001.070	1.360	-15.088
4001.080	1.360	-14.722
4001.090	1.360	-14.868
4001.100	1.370	-15.234
4001.110	1.370	-14.722
4001.120	1.370	-15.088
4001.130	1.420	-15.527
4001.140	1.420	-15.234
4001.150	1.420	-15.747
4001.160	1.490	-16.113
4001.170	1.490	-15.747
4001.180	1.490	-16.260
4001.190	1.550	-16.553
4001.200	1.550	-16.479
4001.210	1.550	-16.846
4001.220	1.550	-16.846
4001.230	1.550	-16.626
4001.240	1.550	-16.772
4001.250	1.500	-16.772
4001.260	1.500	-16.479
4001.270	1.500	-16.333
4001.280	1.440	-16.333
4001.290	1.440	-16.040
4001.300	1.440	-15.820
4001.310	1.410	-15.820
4001.320	1.410	-15.820
4001.330	1.410	-15.747
4001.340	1.390	-15.308
4001.350	1.390	-15.454
4001.360	1.390	-15.454
4001.370	1.390	-15.234
4001.380	1.390	-15.601
4001.390	1.390	-15.674
4001.400	1.450	-15.454
4001.410	1.450	-15.747
4001.420	1.450	-16.040
4001.430	1.510	-15.894
4001.440	1.510	-16.333
4001.450	1.510	-16.699
4001.460	1.580	-16.699
4001.470	1.580	-16.919
4001.480	1.580	-17.139
4001.490	1.620	-17.358
4001.500	1.620	-17.871
4001.510	1.620	-17.798
4001.520	1.660	-17.798
4001.530	1.660	-18.164
4001.540	1.660	-18.311
4001.550	1.680	-18.457
4001.560	1.680	-18.384
4001.570	1.680	-18.530
4001.580	1.690	-18.604
4001.590	1.690	-18.530
4001.600	1.690	-18.604
4001.610	1.700	-18.604
4001.620	1.700	-18.604
4001.630	1.700	-18.750
4001.640	1.700	-18.750
4001.650	1.700	-18.750
4001.660	1.700	-18.823
4001.670	1.730	-18.823
4001.680	1.730	-18.970
4001.690	1.730	-19.189
4001.700	1.760	-19.189
4001.710	1.760	-19.482
4001.720	1.760	-19.702
4001.730	1.810	-19.482
4001.740	1.810	-19.702
4001.750	1.810	-19.556
4001.760	1.840	-20.142
4001.770	1.840	-20.361
4001.780	1.840	-20.288
4001.790	1.860	-20.581
4001.800	1.860	-20.068
4001.810	1.860	-20.215
4001.820	1.830	-20.142
4001.830	1.830	-20.288
4001.840	1.830	-20.215
4001.850	1.780	-20.068
4001.860	1.780	-19.922
4001.870	1.780	-19.482
4001.880	1.740	-19.556
4001.890	1.740	-19.263
4001.900	1.740	-19.482
4001.910	1.730	-19.556
4001.920	1.730	-19.116
4001.930	1.730	-19.189
4001.940	1.760	-19.189
4001.950	1.760	-19.336
4001.960	1.760	-19.482
4001.970	1.800	-19.702
4001.980	1.800	-19.702
4001.990	1.800	-19.556
4002.000	1.850	-19.922
4002.010	1.850	-19.849
4002.020	1.850	-20.288
4002.030	1.870	-20.508
4002.040	1.870	-20.508
4002.050	1.870	-20.801
4002.060	1.900	-20.654
4002.070	1.900	-20.728
4002.080	1.900	-21.167
4002.090	1.930	-21.167
4002.100	1.930	-20.947
4002.110	1.930	-21.167
4002.120	1.940	-21.167
4002.130	1.940	-21.094
4002.140	1.940	-21.094
4002.150	1.920	-21.094
4002.160	1.920	-21.387
4002.170	1.920	-21.533
4002.180	1.930	-21.533
4002.190	1.930	-21.240
4002.200	1.930	-21.167
4002.210	1.930	-21.167
4002.220	1.930	-21.167
4002.230	1.930	-21.313
4002.240	1.930	-21.167
4002.250	1.930	-21.313
4002.260	1.930	-21.021
4002.270	1.930	-21.460
4002.280	1.930	-21.240
4002.290	1.930	-21.460
4002.300	1.940	-21.167
4002.310	1.940	-21.240
4002.320	1.940	-21.021
4002.330	1.880	-21.021
4002.340	1.880	-21.021
4002.350	1.880	-20.947
4002.360	1.850	-20.947
4002.370	1.850	-20.435
4002.380	1.850	-20.361
4002.390	1.860	-20.361
4002.400	1.860	-20.654
4002.410	1.860	-20.801
4002.420	1.920	-20.801
4002.430	1.920	-21.021
4002.440	1.920	-21.387
4002.450	1.970	-21.387
4002.460	1.970	-21.313
4002.470	1.970	-21.680
4002.480	2.000	-21.680
4002.490	2.000	-22.119
4002.500	2.000	-22.119
4002.510	2.020	-22.119
4002.520	2.020	-21.973
4002.530	2.020	-22.046
4002.540	2.030	-22.046
4002.550	2.030	-21.973
4002.560	2.030	-21.973
4002.570	2.020	-21.973
4002.580	2.020	-22.119
4002.590	2.020	-21.899
4002.600	2.000	-22.192
4002.610	2.000	-21.826
4002.620	2.000	-22.192
4002.630	1.980	-22.046
4002.640	1.980	-22.119
4002.650	1.980	-21.826
4002.660	1.960	-21.973
4002.670	1.960	-21.680
4002.680	1.960	-21.533
4002.690	1.950	-21.460
4002.700	1.950	-21.240
4002.710	1.950	-21.533
4002.720	1.940	-21.313
4002.730	1.940	-21.313
4002.740	1.940	-21.167
4002.750	1.940	-21.533
4002.760	1.940	-21.167
4002.770	1.940	-21.387
4002.780	1.940	-21.387
4002.790	1.940	-21.387
4002.800	1.940	-21.387
4002.810	1.970	-21.387
4002.820	1.970	-21.387
4002.830	1.970	-21.387
4002.840	2.000	-21.753
4002.850	2.000	-21.533
4002.860	2.000	-21.899
4002.870	2.040	-21.973
4002.880	2.040	-22.266
4002.890	2.040	-22.339
4002.900	2.070	-22.705
4002.910	2.070	-22.559
4002.920	2.070	-22.925
4002.930	2.110	-22.998
4002.940	2.110	-22.925
4002.950	2.110	-23.071
4002.960	2.130	-23.291
4002.970	2.130	-23.291
4002.980	2.130	-23.291
4002.990	2.130	-23.364
4003.000	2.130	-23.291
4003.010	2.130	-23.364
4003.020	2.100	-23.291
4003.030	2.100	-23.071
4003.040	2.100	-23.145
4003.050	2.060	-22.778
4003.060	2.060	-22.778
4003.070	2.060	-22.412
4003.080	2.020	-22.412
4003.090	2.020	-22.192
4003.100	2.020	-21.826
4003.110	1.980	-21.826
4003.120	1.980	-21.533
4003.130	1.980	-21.313
4003.140	1.930	-21.313
4003.150	1.930	-21.387
4003.160	1.930	-21.094
4003.170	1.890	-21.094
4003.180	1.890	-20.728
4003.190	1.890	-20.654
4003.200	1.860	-20.654
4003.210	1.860	-20.581
4003.220	1.860	-20.215
4003.230	1.820	-20.215
4003.240	1.820	-20.142
4003.250	1.820	-19.922
4003.260	1.800	-19.922
4003.270	1.800	-19.922
4003.280	1.800	-19.995
4003.290	1.790	-19.995
4003.300	1.790	-19.556
4003.310	1.790	-19.336
4003.320	1.770	-19.336
4003.330	1.770	-19.409
4003.340	1.770	-19.116
4003.350	1.720	-19.116
4003.360	1.720	-18.896
4003.370	1.720	-18.457
4003.380	1.630	-18.457
4003.390	1.630	-18.018
4003.400	1.630	-17.725
4003.410	1.540	-17.725
4003.420	1.540	-17.432
4003.430	1.540	-16.992
4003.440	1.490	-16.772
4003.450	1.490	-16.919
4003.460	1.490	-16.479
4003.470	1.470	-16.260
4003.480	1.470	-16.333
4003.490	1.470	-16.113
4003.500	1.460	-16.187
4003.510	1.460	-16.260
4003.520	1.460	-15.967
4003.530	1.470	-16.187
4003.540	1.470	-16.260
4003.550	1.470	-16.187
4003.560	1.500	-16.187
4003.570	1.500	-16.333
4003.580	1.500	-15.967
4003.590	1.500	-16.333
4003.600	1.500	-16.479
4003.610	1.500	-16.333
4003.620	1.520	-16.553
4003.630	1.520	-16.553
4003.640	1.520	-16.406
4003.650	1.530	-16.919
4003.660	1.530	-16.699
4003.670	1.530	-16.553
4003.680	1.530	-16.992
4003.690	1.530	-16.626
4003.700	1.530	-16.553
4003.710	1.530	-16.846
4003.720	1.530	-16.626
4003.730	1.530	-16.626
4003.740	1.520	-16.699
4003.750	1.520	-16.406
4003.760	1.520	-16.479
4003.770	1.520	-16.699
4003.780	1.520	-16.553
4003.790	1.520	-16.846
4003.800	1.520	-16.626
4003.810	1.520	-16.553
4003.820	1.520	-16.992
4003.830	1.550	-16.846
4003.840	1.550	-16.772
4003.850	1.550	-17.139
4003.860	1.570	-17.139
4003.870	1.570	-16.919
4003.880	1.570	-17.065
4003.890	1.570	-17.139
4003.900	1.570	-17.358
4003.910	1.570	-16.992
4003.920	1.570	-16.992
4003.930	1.570	-17.358
4003.940	1.570	-17.139
4003.950	1.570	-16.992
4003.960	1.570	-17.285
4003.970	1.570	-17.139
4003.980	1.550	-17.065
4003.990	1.550	-16.992
4004.000	1.550	-16.919
4004.010	1.520	-17.065
4004.020	1.520	-16.772
4004.030	1.520	-16.553
4004.040	1.500	-17.065
4004.050	1.500	-16.626
4004.060	1.500	-16.479
4004.070	1.500	-16.772
4004.080	1.500	-16.406
4004.090	1.500	-16.406
4004.100	1.510	-16.699
4004.110	1.510	-16.479
4004.120	1.510	-16.699
4004.130	1.520	-16.260
4004.140	1.520	-16.626
4004.150	1.520	-16.626
4004.160	1.520	-16.626
4004.170	1.520	-16.479
4004.180	1.520	-16.626
4004.190	1.520	-16.626
4004.200	1.520	-16.333
4004.210	1.520	-16.553
4004.220	1.520	-16.553
4004.230	1.520	-16.479
4004.240	1.520	-16.479
4004.250	1.520	-16.479
4004.260	1.520	-16.479
4004.270	1.520	-16.479
4004.280	1.500	-16.479
4004.290	1.500	-16.479
4004.300	1.500	-16.113
4004.310	1.460	-16.113
4004.320	1.460	-16.187
4004.330	1.460	-15.601
4004.340	1.400	-15.601
4004.350	1.400	-15.747
4004.360	1.400	-15.088
4004.370	1.350	-15.088
4004.380	1.350	-15.234
4004.390	1.350	-14.868
4004.400	1.350	-14.868
4004.410	1.350	-15.015
4004.420	1.350	-14.722
4004.430	1.370	-14.722
4004.440	1.370	-15.015
4004.450	1.370	-14.868
4004.460	1.380	-14.868
4004.470	1.380	-15.234
4004.480	1.380	-15.088
4004.490	1.410	-15.088
4004.500	1.410	-15.527
4004.510	1.410	-15.527
4004.520	1.480	-15.527
4004.530	1.480	-16.040
4004.540	1.480	-16.406
4004.550	1.540	-16.113
4004.560	1.540	-16.479
4004.570	1.540	-16.772
4004.580	1.550	-16.772
4004.590	1.550	-17.065
4004.600	1.550	-16.992
4004.610	1.560	-16.919
4004.620	1.560	-17.432
4004.630	1.560	-17.139
4004.640	1.580	-17.139
4004.650	1.580	-17.578
4004.660	1.580	-17.651
4004.670	1.630	-17.871
4004.680	1.630	-17.725
4004.690	1.630	-17.944
4004.700	1.700	-18.384
4004.710	1.700	-18.530
4004.720	1.700	-18.604
4004.730	1.750	-18.896
4004.740	1.750	-18.970
4004.750	1.750	-19.116
4004.760	1.800	-19.409
4004.770	1.800	-19.556
4004.780	1.800	-19.922
4004.790	1.850	-20.288
4004.800	1.850	-20.068
4004.810	1.850	-20.361
4004.820	1.910	-20.361
4004.830	1.910	-20.654
4004.840	1.910	-20.801
4004.850	1.920	-20.947
4004.860	1.920	-21.021
4004.870	1.920	-20.801
4004.880	1.900	-21.094
4004.890	1.900	-20.581
4004.900	1.900	-20.874
4004.910	1.840	-20.508
4004.920	1.840	-20.435
4004.930	1.840	-20.435
4004.940	1.780	-20.142
4004.950	1.780	-20.068
4004.960	1.780	-19.482
4004.970	1.710	-19.409
4004.980	1.710	-19.043
4004.990	1.710	-19.043
4005.000	1.650	-18.750
4005.010	1.650	-18.604
4005.020	1.650	-18.384
4005.030	1.600	-18.237
4005.040	1.600	-17.725
4005.050	1.600	-17.432
4005.060	1.540	-17.725
4005.070	1.540	-17.212
4005.080	1.540	-16.919
4005.090	1.490	-17.065
4005.100	1.490	-16.626
4005.110	1.490	-16.479
4005.120	1.470	-16.553
4005.130	1.470	-16.113
4005.140	1.470	-16.260
4005.150	1.450	-16.260
4005.160	1.450	-15.820
4005.170	1.450	-15.967
4005.180	1.440	-16.113
4005.190	1.440	-15.747
4005.200	1.440	-15.894
4005.210	1.450	-16.040
4005.220	1.450	-15.747
4005.230	1.450	-15.820
4005.240	1.440	-16.040
4005.250	1.440	-15.820
4005.260	1.440	-15.820
4005.270	1.430	-15.967
4005.280	1.430	-15.747
4005.290	1.430	-15.820
4005.300	1.440	-15.894
4005.310	1.440	-15.820
4005.320	1.440	-15.967
4005.330	1.470	-15.967
4005.340	1.470	-15.894
4005.350	1.470	-16.187
4005.360	1.480	-16.113
4005.370	1.480	-16.113
4005.380	1.480	-16.333
4005.390	1.470	-16.187
4005.400	1.470	-16.260
4005.410	1.470	-16.479
4005.420	1.510	-16.333
4005.430	1.510	-16.406
4005.440	1.510	-16.626
4005.450	1.550	-16.479
4005.460	1.550	-16.699
4005.470	1.550	-16.772
4005.480	1.550	-16.772
4005.490	1.550	-17.065
4005.500	1.550	-16.772
4005.510	1.530	-16.772
4005.520	1.530	-17.065
4005.530	1.530	-16.846
4005.540	1.520	-16.772
4005.550	1.520	-16.919
4005.560	1.520	-16.772
4005.570	1.520	-16.626
4005.580	1.520	-16.699
4005.590	1.520	-16.553
4005.600	1.520	-16.772
4005.610	1.520	-16.406
4005.620	1.520	-16.772
4005.630	1.510	-16.772
4005.640	1.510	-16.553
4005.650	1.510	-16.919
4005.660	1.530	-16.919
4005.670	1.530	-16.699
4005.680	1.530	-16.919
4005.690	1.550	-16.919
4005.700	1.550	-16.992
4005.710	1.550	-17.065
4005.720	1.550	-17.065
4005.730	1.550	-17.065
4005.740	1.550	-17.139
4005.750	1.570	-17.139
4005.760	1.570	-16.992
4005.770	1.570	-17.285
4005.780	1.590	-17.285
4005.790	1.590	-17.139
4005.800	1.590	-17.578
4005.810	1.620	-17.578
4005.820	1.620	-17.725
4005.830	1.620	-17.578
4005.840	1.660	-17.578
4005.850	1.660	-18.091
4005.860	1.660	-18.091
4005.870	1.690	-18.091
4005.880	1.690	-18.237
4005.890	1.690	-18.604
4005.900	1.720	-18.604
4005.910	1.720	-18.750
4005.920	1.720	-18.896
4005.930	1.740	-18.896
4005.940	1.740	-18.970
4005.950	1.740	-19.189
4005.960	1.770	-19.189
4005.970	1.770	-19.409
4005.980	1.770	-19.702
4005.990	1.810	-19.702
4006.000	1.810	-19.556
4006.010	1.810	-19.702
4006.020	1.850	-19.702
4006.030	1.850	-20.288
4006.040	1.850	-20.508
4006.050	1.880	-20.508
4006.060	1.880	-20.728
4006.070	1.880	-20.581
4006.080	1.930	-21.021
4006.090	1.930	-20.947
4006.100	1.930	-21.167
4006.110	1.980	-21.387
4006.120	1.980	-21.387
4006.130	1.980	-21.533
4006.140	2.020	-21.680
4006.150	2.020	-21.753
4006.160	2.020	-21.826
4006.170	2.050	-22.266
4006.180	2.050	-22.119
4006.190	2.050	-22.559
4006.200	2.110	-22.632
4006.210	2.110	-22.852
4006.220	2.110	-23.218
4006.230	2.160	-23.218
4006.240	2.160	-23.291
4006.250	2.160	-23.730
4006.260	2.200	-23.730
4006.270	2.200	-23.730
4006.280	2.200	-24.243
4006.290	2.240	-24.243
4006.300	2.240	-24.683
4006.310	2.240	-25.049
4006.320	2.290	-25.049
4006.330	2.290	-25.122
4006.340	2.290	-25.269
4006.350	2.330	-25.269
4006.360	2.330	-25.488
4006.370	2.330	-25.562
4006.380	2.360	-25.562
4006.390	2.360	-25.708
4006.400	2.360	-25.854
4006.410	2.350	-25.854
4006.420	2.350	-25.562
4006.430	2.350	-25.488
4006.440	2.310	-25.488
4006.450	2.310	-25.562
4006.460	2.310	-25.195
4006.470	2.240	-25.195
4006.480	2.240	-24.902
4006.490	2.240	-24.390
4006.500	2.160	-24.390
4006.510	2.160	-24.097
4006.520	2.160	-23.437
4006.530	2.080	-23.437
4006.540	2.080	-23.145
4006.550	2.080	-22.778
4006.560	2.010	-22.778
4006.570	2.010	-22.339
4006.580	2.010	-21.826
4006.590	1.960	-21.826
4006.600	1.960	-21.826
4006.610	1.960	-21.606
4006.620	1.950	-21.606
4006.630	1.950	-21.313
4006.640	1.950	-21.167
4006.650	1.930	-21.167
4006.660	1.930	-21.240
4006.670	1.930	-21.021
4006.680	1.890	-21.021
4006.690	1.890	-20.874
4006.700	1.890	-20.728
4006.710	1.850	-20.728
4006.720	1.850	-20.435
4006.730	1.850	-19.995
4006.740	1.820	-19.995
4006.750	1.820	-20.068
4006.760	1.820	-19.922
4006.770	1.800	-20.215
4006.780	1.800	-20.142
4006.790	1.800	-19.922
4006.800	1.790	-19.922
4006.810	1.790	-19.482
4006.820	1.790	-19.556
4006.830	1.770	-19.482
4006.840	1.770	-19.629
4006.850	1.770	-19.556
4006.860	1.730	-19.189
4006.870	1.730	-18.970
4006.880	1.730	-18.970
4006.890	1.680	-18.896
4006.900	1.680	-18.530
4006.910	1.680	-18.530
4006.920	1.640	-18.457
4006.930	1.640	-18.164
4006.940	1.640	-17.798
4006.950	1.580	-17.578
4006.960	1.580	-17.725
4006.970	1.580	-17.432
4006.980	1.540	-16.992
4006.990	1.540	-17.065
4007.000	1.540	-17.065
4007.010	1.500	-16.919
4007.020	1.500	-16.626
4007.030	1.500	-16.406
4007.040	1.470	-16.553
4007.050	1.470	-16.333
4007.060	1.470	-16.187
4007.070	1.440	-16.187
4007.080	1.440	-16.040
4007.090	1.440	-15.747
4007.100	1.400	-15.601
4007.110	1.400	-15.674
4007.120	1.400	-15.601
4007.130	1.400	-15.454
4007.140	1.400	-15.381
4007.150	1.400	-15.234
4007.160	1.390	-15.088
4007.170	1.390	-15.234
4007.180	1.390	-15.088
4007.190	1.350	-15.015
4007.200	1.350	-15.161
4007.210	1.350	-14.722
4007.220	1.340	-14.722
4007.230	1.340	-14.941
4007.240	1.340	-14.575
4007.250	1.310	-14.722
4007.260	1.310	-14.648
4007.270	1.310	-14.355
4007.280	1.300	-14.502
4007.290	1.300	-14.502
4007.300	1.300	-14.429
4007.310	1.350	-14.795
4007.320	1.350	-14.648
4007.330	1.350	-14.648
4007.340	1.380	-14.868
4007.350	1.380	-14.795
4007.360	1.380	-15.161
4007.370	1.400	-15.234
4007.380	1.400	-15.234
4007.390	1.400	-15.454
4007.400	1.410	-15.161
4007.410	1.410	-15.234
4007.420	1.410	-15.674
4007.430	1.430	-15.454
4007.440	1.430	-15.601
4007.450	1.430	-15.894
4007.460	1.470	-15.601
4007.470	1.470	-15.747
4007.480	1.470	-16.040
4007.490	1.490	-16.040
4007.500	1.490	-16.260
4007.510	1.490	-16.260
4007.520	1.490	-16.113
4007.530	1.490	-16.260
4007.540	1.490	-16.333
4007.550	1.490	-16.333
4007.560	1.490	-16.626
4007.570	1.490	-16.333
4007.580	1.500	-16.333
4007.590	1.500	-16.553
4007.600	1.500	-16.479
4007.610	1.520	-16.626
4007.620	1.520	-16.772
4007.630	1.520	-16.846
4007.640	1.560	-16.919
4007.650	1.560	-16.846
4007.660	1.560	-16.919
4007.670	1.580	-17.578
4007.680	1.580	-17.212
4007.690	1.580	-17.065
4007.700	1.600	-17.651
4007.710	1.600	-17.578
4007.720	1.600	-17.505
4007.730	1.620	-17.578
4007.740	1.620	-17.725
4007.750	1.620	-18.091
4007.760	1.650	-17.944
4007.770	1.650	-17.725
4007.780	1.650	-18.237
4007.790	1.670	-18.384
4007.800	1.670	-18.384
4007.810	1.670	-18.164
4007.820	1.660	-18.311
4007.830	1.660	-18.457
4007.840	1.660	-18.384
4007.850	1.660	-18.384
4007.860	1.660	-18.164
4007.870	1.660	-18.311
4007.880	1.650	-18.384
4007.890	1.650	-18.237
4007.900	1.650	-18.018
4007.910	1.650	-18.311
4007.920	1.650	-18.164
4007.930	1.650	-18.237
4007.940	1.640	-18.164
4007.950	1.640	-17.871
4007.960	1.640	-18.237
4007.970	1.620	-18.091
4007.980	1.620	-17.944
4007.990	1.620	-17.651
4008.000	1.600	-17.651
4008.010	1.600	-17.871
4008.020	1.600	-17.725
4008.030	1.580	-17.432
4008.040	1.580	-17.505
4008.050	1.580	-17.505
4008.060	1.580	-17.578
4008.070	1.580	-17.285
4008.080	1.580	-17.212
4008.090	1.560	-17.725
4008.100	1.560	-17.212
4008.110	1.560	-16.992
4008.120	1.540	-17.285
4008.130	1.540	-17.065
4008.140	1.540	-16.919
4008.150	1.510	-16.919
4008.160	1.510	-16.626
4008.170	1.510	-16.772
4008.180	1.490	-16.699
4008.190	1.490	-16.260
4008.200	1.490	-16.333
4008.210	1.460	-16.333
4008.220	1.460	-15.967
4008.230	1.460	-16.040
4008.240	1.430	-16.040
4008.250	1.430	-15.967
4008.260	1.430	-15.747
4008.270	1.430	-15.747
4008.280	1.430	-15.674
4008.290	1.430	-15.601
4008.300	1.420	-15.601
4008.310	1.420	-15.747
4008.320	1.420	-15.601
4008.330	1.430	-15.601
4008.340	1.430	-15.820
4008.350	1.430	-15.820
4008.360	1.460	-15.894
4008.370	1.460	-16.040
4008.380	1.460	-16.260
4008.390	1.490	-16.113
4008.400	1.490	-16.260
4008.410	1.490	-16.479
4008.420	1.520	-16.406
4008.430	1.520	-16.553
4008.440	1.520	-16.626
4008.450	1.520	-16.479
4008.460	1.520	-16.479
4008.470	1.520	-16.626
4008.480	1.500	-16.479
4008.490	1.500	-16.626
4008.500	1.500	-16.553
4008.510	1.490	-16.406
4008.520	1.490	-16.699
4008.530	1.490	-16.479
4008.540	1.500	-16.479
4008.550	1.500	-16.699
4008.560	1.500	-16.479
4008.570	1.520	-16.479
4008.580	1.520	-16.699
4008.590	1.520	-16.699
4008.600	1.540	-16.772
4008.610	1.540	-16.772
4008.620	1.540	-16.699
4008.630	1.560	-17.212
4008.640	1.560	-16.919
4008.650	1.560	-16.919
4008.660	1.570	-17.578
4008.670	1.570	-17.139
4008.680	1.570	-16.919
4008.690	1.560	-17.358
4008.700	1.560	-17.285
4008.710	1.560	-17.139
4008.720	1.570	-17.212
4008.730	1.570	-17.065
4008.740	1.570	-17.358
4008.750	1.570	-17.139
4008.760	1.570	-16.919
4008.770	1.570	-17.432
4008.780	1.570	-17.285
4008.790	1.570	-17.065
4008.800	1.570	-17.358
4008.810	1.590	-17.505
4008.820	1.590	-17.505
4008.830	1.590	-17.358
4008.840	1.600	-17.358
4008.850	1.600	-17.725
4008.860	1.600	-17.358
4008.870	1.610	-17.358
4008.880	1.610	-17.651
4008.890	1.610	-17.651
4008.900	1.600	-17.651
4008.910	1.600	-17.432
4008.920	1.600	-17.871
4008.930	1.600	-17.871
4008.940	1.600	-17.578
4008.950	1.600	-17.798
4008.960	1.630	-17.798
4008.970	1.630	-18.018
4008.980	1.630	-17.944
4008.990	1.650	-17.944
4009.000	1.650	-17.944
4009.010	1.650	-18.457
4009.020	1.690	-18.457
4009.030	1.690	-18.530
4009.040	1.690	-18.750
4009.050	1.740	-18.750
4009.060	1.740	-18.823
4009.070	1.740	-19.189
4009.080	1.800	-19.189
4009.090	1.800	-19.409
4009.100	1.800	-19.482
4009.110	1.830	-19.482
4009.120	1.830	-19.629
4009.130	1.830	-19.995
4009.140	1.840	-19.995
4009.150	1.840	-20.361
4009.160	1.840	-20.361
4009.170	1.850	-20.361
4009.180	1.850	-19.995
4009.190	1.850	-20.215
4009.200	1.860	-20.142
4009.210	1.860	-20.508
4009.220	1.860	-20.654
4009.230	1.900	-20.728
4009.240	1.900	-20.947
4009.250	1.900	-20.801
4009.260	1.940	-21.094
4009.270	1.940	-20.947
4009.280	1.940	-21.533
4009.290	1.980	-21.753
4009.300	1.980	-21.753
4009.310	1.980	-21.753
4009.320	2.040	-21.973
4009.330	2.040	-22.046
4009.340	2.040	-22.192
4009.350	2.100	-22.412
4009.360	2.100	-22.485
4009.370	2.100	-22.925
4009.380	2.150	-22.998
4009.390	2.150	-22.925
4009.400	2.150	-23.291
4009.410	2.170	-23.657
4009.420	2.170	-23.584
4009.430	2.170	-23.657
4009.440	2.180	-23.950
4009.450	2.180	-23.877
4009.460	2.180	-24.023
4009.470	2.170	-23.877
4009.480	2.170	-24.023
4009.490	2.170	-24.023
4009.500	2.160	-24.097
4009.510	2.160	-23.730
4009.520	2.160	-23.950
4009.530	2.160	-24.023
4009.540	2.160	-23.804
4009.550	2.160	-23.730
4009.560	2.150	-23.730
4009.570	2.150	-23.730
4009.580	2.150	-23.657
4009.590	2.170	-23.804
4009.600	2.170	-23.730
4009.610	2.170	-23.877
4009.620	2.180	-23.804
4009.630	2.180	-23.657
4009.640	2.180	-23.730
4009.650	2.170	-23.877
4009.660	2.170	-23.730
4009.670	2.170	-23.584
4009.680	2.120	-23.584
4009.690	2.120	-23.071
4009.700	2.120	-23.071
4009.710	2.040	-22.852
4009.720	2.040	-22.485
4009.730	2.040	-22.339
4009.740	1.960	-21.973
4009.750	1.960	-21.680
4009.760	1.960	-21.387
4009.770	1.900	-21.533
4009.780	1.900	-21.021
4009.790	1.900	-21.094
4009.800	1.860	-20.581
4009.810	1.860	-20.361
4009.820	1.860	-20.361
4009.830	1.820	-20.435
4009.840	1.820	-20.361
4009.850	1.820	-20.068
4009.860	1.780	-20.068
4009.870	1.780	-19.482
4009.880	1.780	-19.409
4009.890	1.740	-19.336
4009.900	1.740	-19.336
4009.910	1.740	-19.263
4009.920	1.680	-18.970
4009.930	1.680	-18.677
4009.940	1.680	-18.530
4009.950	1.630	-18.384
4009.960	1.630	-18.018
4009.970	1.630	-18.237
4009.980	1.610	-18.164
4009.990	1.610	-17.871
4010.000	1.610	-17.651
4010.010	1.620	-17.651
4010.020	1.620	-17.871
4010.030	1.620	-17.651
4010.040	1.610	-17.505
4010.050	1.610	-17.651
4010.060	1.610	-17.651
4010.070	1.580	-17.578
4010.080	1.580	-17.212
4010.090	1.580	-17.212
4010.100	1.540	-17.505
4010.110	1.540	-16.846
4010.120	1.540	-16.699
4010.130	1.510	-16.992
4010.140	1.510	-16.553
4010.150	1.510	-16.479
4010.160	1.480	-16.553
4010.170	1.480	-16.040
4010.180	1.480	-16.187
4010.190	1.440	-16.260
4010.200	1.440	-15.674
4010.210	1.440	-15.967
4010.220	1.420	-15.967
4010.230	1.420	-15.234
4010.240	1.420	-15.527
4010.250	1.380	-15.527
4010.260	1.380	-14.941
4010.270	1.380	-15.088
4010.280	1.340	-15.088
4010.290	1.340	-14.575
4010.300	1.340	-14.648
4010.310	1.330	-14.648
4010.320	1.330	-14.502
4010.330	1.330	-14.575
4010.340	1.330	-14.575
4010.350	1.330	-14.575
4010.360	1.330	-14.502
4010.370	1.340	-14.502
4010.380	1.340	-14.795
4010.390	1.340	-14.648
4010.400	1.330	-14.648
4010.410	1.330	-15.015
4010.420	1.330	-14.648
4010.430	1.340	-14.648
4010.440	1.340	-14.941
4010.450	1.340	-14.941
4010.460	1.370	-14.941
4010.470	1.370	-15.015
4010.480	1.370	-15.015
4010.490	1.380	-15.015
4010.500	1.380	-14.868
4010.510	1.380	-15.161
4010.520	1.370	-15.161
4010.530	1.370	-15.015
4010.540	1.370	-15.088
4010.550	1.370	-15.088
4010.560	1.370	-15.015
4010.570	1.370	-15.234
4010.580	1.400	-15.234
4010.590	1.400	-15.161
4010.600	1.400	-15.308
4010.610	1.410	-15.308
4010.620	1.410	-15.234
4010.630	1.410	-15.308
4010.640	1.390	-15.308
4010.650	1.390	-15.308
4010.660	1.390	-15.088
4010.670	1.380	-15.088
4010.680	1.380	-15.161
4010.690	1.380	-15.527
4010.700	1.380	-15.015
4010.710	1.380	-15.454
4010.720	1.380	-14.868
4010.730	1.400	-15.161
4010.740	1.400	-15.161
4010.750	1.400	-14.941
4010.760	1.380	-15.308
4010.770	1.380	-15.381
4010.780	1.380	-15.381
4010.790	1.370	-14.795
4010.800	1.370	-15.161
4010.810	1.370	-15.234
4010.820	1.400	-15.015
4010.830	1.400	-15.381
4010.840	1.400	-15.454
4010.850	1.410	-15.088
4010.860	1.410	-15.454
4010.870	1.410	-15.527
4010.880	1.430	-15.381
4010.890	1.430	-15.820
4010.900	1.430	-15.967
4010.910	1.470	-15.674
4010.920	1.470	-15.967
4010.930	1.470	-16.333
4010.940	1.530	-16.260
4010.950	1.530	-16.553
4010.960	1.530	-16.772
4010.970	1.600	-16.992
4010.980	1.600	-17.432
4010.990	1.600	-17.358
4011.000	1.650	-17.505
4011.010	1.650	-18.091
4011.020	1.650	-18.018
4011.030	1.680	-18.018
4011.040	1.680	-18.091
4011.050	1.680	-18.311
4011.060	1.690	-18.604
4011.070	1.690	-18.311
4011.080	1.690	-18.311
4011.090	1.680	-18.530
4011.100	1.680	-18.457
4011.110	1.680	-18.604
4011.120	1.690	-18.677
4011.130	1.690	-18.677
4011.140	1.690	-18.750
4011.150	1.710	-18.823
4011.160	1.710	-18.750
4011.170	1.710	-18.896
4011.180	1.740	-19.189
4011.190	1.740	-19.043
4011.200	1.740	-19.189
4011.210	1.770	-19.116
4011.220	1.770	-19.336
4011.230	1.770	-19.629
4011.240	1.820	-19.922
4011.250	1.820	-20.068
4011.260	1.820	-19.775
4011.270	1.860	-20.215
4011.280	1.860	-20.068
4011.290	1.860	-20.435
4011.300	1.900	-20.728
4011.310	1.900	-20.654
4011.320	1.900	-20.947
4011.330	1.880	-20.654
4011.340	1.880	-20.728
4011.350	1.880	-20.361
4011.360	1.850	-20.728
4011.370	1.850	-20.508
4011.380	1.850	-20.435
4011.390	1.790	-20.508
4011.400	1.790	-19.775
4011.410	1.790	-19.629
4011.420	1.710	-19.336
4011.430	1.710	-19.189
4011.440	1.710	-18.896
4011.450	1.610	-18.604
4011.460	1.610	-18.237
4011.470	1.610	-18.237
4011.480	1.550	-17.651
4011.490	1.550	-17.212
4011.500	1.550	-17.505
4011.510	1.510	-17.139
4011.520	1.510	-16.699
4011.530	1.510	-16.772
4011.540	1.480	-16.553
4011.550	1.480	-16.553
4011.560	1.480	-16.406
4011.570	1.450	-15.967
4011.580	1.450	-16.040
4011.590	1.450	-16.040
4011.600	1.400	-15.747
4011.610	1.400	-15.674
4011.620	1.400	-15.747
4011.630	1.370	-15.234
4011.640	1.370	-15.088
4011.650	1.370	-15.381
4011.660	1.360	-15.015
4011.670	1.360	-15.015
4011.680	1.360	-14.795
4011.690	1.360	-14.795
4011.700	1.360	-14.795
4011.710	1.360	-14.795
4011.720	1.370	-14.795
4011.730	1.370	-15.088
4011.740	1.370	-14.868
4011.750	1.390	-14.868
4011.760	1.390	-15.308
4011.770	1.390	-15.234
4011.780	1.430	-15.234
4011.790	1.430	-15.674
4011.800	1.430	-15.601
4011.810	1.470	-15.601
4011.820	1.470	-16.040
4011.830	1.470	-15.967
4011.840	1.490	-15.967
4011.850	1.490	-16.333
4011.860	1.490	-16.040
4011.870	1.480	-16.040
4011.880	1.480	-16.333
4011.890	1.480	-16.187
4011.900	1.490	-16.187
4011.910	1.490	-16.553
4011.920	1.490	-16.406
4011.930	1.490	-16.333
4011.940	1.490	-16.626
4011.950	1.490	-16.553
4011.960	1.520	-16.553
4011.970	1.520	-16.992
4011.980	1.520	-16.846
4011.990	1.560	-16.772
4012.000	1.560	-17.065
4012.010	1.560	-17.065
4012.020	1.600	-17.358
4012.030	1.600	-17.212
4012.040	1.600	-17.212
4012.050	1.620	-17.725
4012.060	1.620	-17.505
4012.070	1.620	-17.358
4012.080	1.620	-17.798
4012.090	1.620	-17.798
4012.100	1.620	-17.725
4012.110	1.610	-17.725
4012.120	1.610	-17.651
4012.130	1.610	-18.018
4012.140	1.610	-17.871
4012.150	1.610	-17.505
4012.160	1.610	-17.871
4012.170	1.620	-17.944
4012.180	1.620	-17.944
4012.190	1.620	-17.651
4012.200	1.630	-17.725
4012.210	1.630	-18.018
4012.220	1.630	-17.944
4012.230	1.640	-17.871
4012.240	1.640	-17.798
4012.250	1.640	-17.944
4012.260	1.610	-18.018
4012.270	1.610	-17.651
4012.280	1.610	-17.432
4012.290	1.550	-17.871
4012.300	1.550	-17.432
4012.310	1.550	-17.065
4012.320	1.520	-17.212
4012.330	1.520	-16.846
4012.340	1.520	-16.919
4012.350	1.500	-16.772
4012.360	1.500	-16.406
4012.370	1.500	-16.553
4012.380	1.490	-16.479
4012.390	1.490	-16.260
4012.400	1.490	-16.479
4012.410	1.490	-16.333
4012.420	1.490	-16.187
4012.430	1.490	-16.479
4012.440	1.490	-16.260
4012.450	1.490	-16.260
4012.460	1.490	-16.406
4012.470	1.480	-16.113
4012.480	1.480	-16.113
4012.490	1.480	-16.260
4012.500	1.450	-15.894
4012.510	1.450	-16.040
4012.520	1.450	-15.454
4012.530	1.410	-15.454
4012.540	1.410	-15.601
4012.550	1.410	-15.161
4012.560	1.390	-15.161
4012.570	1.390	-15.454
4012.580	1.390	-14.941
4012.590	1.360	-14.941
4012.600	1.360	-15.161
4012.610	1.360	-14.795
4012.620	1.360	-14.795
4012.630	1.360	-15.161
4012.640	1.360	-14.868
4012.650	1.360	-14.868
4012.660	1.360	-15.015
4012.670	1.360	-14.868
4012.680	1.350	-14.868
4012.690	1.350	-14.941
4012.700	1.350	-15.015
4012.710	1.350	-15.015
4012.720	1.350	-14.795
4012.730	1.350	-15.088
4012.740	1.360	-15.088
4012.750	1.360	-14.722
4012.760	1.360	-15.088
4012.770	1.370	-15.088
4012.780	1.370	-14.648
4012.790	1.370	-15.161
4012.800	1.380	-15.161
4012.810	1.380	-14.868
4012.820	1.380	-15.234
4012.830	1.390	-15.234
4012.840	1.390	-14.941
4012.850	1.390	-15.308
4012.860	1.400	-15.308
4012.870	1.400	-15.161
4012.880	1.400	-15.527
4012.890	1.440	-15.527
4012.900	1.440	-15.308
4012.910	1.440	-15.601
4012.920	1.460	-15.820
4012.930	1.460	-15.601
4012.940	1.460	-15.894
4012.950	1.470	-16.113
4012.960	1.470	-15.820
4012.970	1.470	-16.040
4012.980	1.470	-16.260
4012.990	1.470	-15.894
4013.000	1.470	-16.187
4013.010	1.470	-16.333
4013.020	1.470	-15.820
4013.030	1.470	-16.113
4013.040	1.460	-16.260
4013.050	1.460	-15.747
4013.060	1.460	-16.040
4013.070	1.440	-16.113
4013.080	1.440	-15.527
4013.090	1.440	-15.820
4013.100	1.400	-15.894
4013.110	1.400	-15.234
4013.120	1.400	-15.381
4013.130	1.340	-15.381
4013.140	1.340	-14.648
4013.150	1.340	-14.795
4013.160	1.270	-14.429
4013.170	1.270	-14.136
4013.180	1.270	-13.843
4013.190	1.180	-13.696
4013.200	1.180	-13.037
4013.210	1.180	-13.184
4013.220	1.100	-12.671
4013.230	1.100	-12.305
4013.240	1.100	-12.231
4013.250	1.040	-12.012
4013.260	1.040	-11.646
4013.270	1.040	-11.353
4013.280	0.990	-11.353
4013.290	0.990	-11.133
4013.300	0.990	-10.913
4013.310	0.960	-10.620
4013.320	0.960	-10.693
4013.330	0.960	-10.474
4013.340	0.950	-10.620
4013.350	0.950	-10.181
4013.360	0.950	-10.474
4013.370	0.950	-10.254
4013.380	0.950	-10.547
4013.390	0.950	-10.254
4013.400	0.970	-10.400
4013.410	0.970	-10.474
4013.420	0.970	-10.620
4013.430	1.000	-10.767
4013.440	1.000	-10.474
4013.450	1.000	-10.913
4013.460	1.000	-10.693
4013.470	1.000	-10.986
4013.480	1.000	-10.547
4013.490	0.980	-10.840
4013.500	0.980	-10.767
4013.510	0.980	-10.840
4013.520	0.950	-10.620
4013.530	0.950	-10.254
4013.540	0.950	-10.474
4013.550	0.900	-10.034
4013.560	0.900	-10.107
4013.570	0.900	-9.448
4013.580	0.820	-9.448
4013.590	0.820	-9.229
4013.600	0.820	-9.009
4013.610	0.740	-8.569
4013.620	0.740	-8.496
4013.630	0.740	-8.423
4013.640	0.650	-7.764
4013.650	0.650	-7.544
4013.660	0.650	-7.178
4013.670	0.560	-6.885
4013.680	0.560	-6.738
4013.690	0.560	-6.226
4013.700	0.490	-6.152
4013.710	0.490	-5.933
