%Time [ms]	Commanded Torque [mNm]	Angular Velocity [RPM]	Actual Current [Amp]	%8/27/20202:33 PM
0.000	0.000	0.000	0.000
20.000	10.000	-42.969	-0.001
30.000	10.000	-42.969	-0.001
40.000	10.000	-19.531	-0.019
50.000	10.000	-19.531	-0.019
60.000	10.000	-19.531	-0.019
70.000	10.000	-42.969	0.000
80.000	10.000	-42.969	0.000
90.000	10.000	-42.969	0.000
100.000	10.000	-1.953	-0.002
110.000	10.000	-1.953	-0.002
120.000	10.000	-1.953	-0.002
130.000	10.000	17.578	-0.035
140.000	10.000	17.578	-0.035
150.000	10.000	17.578	-0.035
160.000	10.000	-7.812	-0.003
170.000	10.000	-7.812	-0.003
180.000	10.000	-7.812	-0.003
190.000	10.000	-21.484	-0.040
200.000	10.000	-21.484	-0.040
210.000	10.000	-21.484	-0.040
220.000	10.000	-1.953	0.006
230.000	10.000	-1.953	0.006
240.000	10.000	-1.953	0.006
250.000	10.000	19.531	-0.016
260.000	10.000	19.531	-0.016
270.000	10.000	19.531	-0.016
280.000	10.000	-3.906	-0.009
290.000	10.000	-3.906	-0.009
300.000	10.000	-3.906	-0.009
310.000	10.000	-42.969	-0.031
320.000	10.000	-42.969	-0.031
330.000	10.000	-42.969	-0.031
340.000	10.000	-46.875	-0.027
350.000	10.000	-46.875	-0.027
360.000	10.000	-46.875	-0.027
370.000	10.000	1.953	-0.033
380.000	10.000	1.953	-0.033
390.000	10.000	1.953	-0.033
400.000	10.000	-19.531	-0.019
410.000	10.000	-19.531	-0.019
420.000	10.000	-19.531	-0.019
430.000	10.000	5.859	-0.015
440.000	10.000	5.859	-0.015
450.000	10.000	5.859	-0.015
460.000	10.000	-23.437	-0.007
470.000	10.000	-23.437	-0.007
480.000	10.000	-23.437	-0.007
490.000	10.000	0.000	-0.021
500.000	10.000	0.000	-0.021
510.000	10.000	0.000	-0.021
520.000	10.000	3.906	-0.025
530.000	10.000	3.906	-0.025
540.000	10.000	3.906	-0.025
550.000	10.000	-27.344	-0.018
560.000	10.000	-27.344	-0.018
570.000	10.000	-27.344	-0.018
580.000	10.000	-11.719	-0.030
590.000	10.000	-11.719	-0.030
600.000	10.000	-11.719	-0.030
610.000	10.000	7.812	-0.026
620.000	10.000	7.812	-0.026
630.000	10.000	7.812	-0.026
640.000	10.000	-27.344	-0.025
650.000	10.000	-27.344	-0.025
660.000	10.000	-27.344	-0.025
670.000	10.000	-19.531	-0.017
680.000	10.000	-19.531	-0.017
690.000	10.000	-19.531	-0.017
700.000	10.000	-33.203	-0.013
710.000	10.000	-33.203	-0.013
720.000	10.000	-33.203	-0.013
730.000	10.000	-19.531	-0.016
740.000	10.000	-19.531	-0.016
750.000	10.000	-19.531	-0.016
760.000	10.000	13.672	-0.015
770.000	10.000	13.672	-0.015
780.000	10.000	13.672	-0.015
790.000	10.000	-44.922	-0.023
800.000	10.000	-44.922	-0.023
810.000	10.000	-44.922	-0.023
820.000	10.000	-21.484	-0.039
830.000	10.000	-21.484	-0.039
840.000	10.000	-21.484	-0.039
850.000	10.000	0.000	-0.026
860.000	10.000	0.000	-0.026
870.000	10.000	0.000	-0.026
880.000	10.000	-7.812	-0.023
890.000	10.000	-7.812	-0.023
900.000	10.000	-7.812	-0.023
910.000	10.000	-7.812	-0.030
920.000	10.000	-7.812	-0.030
930.000	10.000	-7.812	-0.030
940.000	10.000	15.625	-0.037
950.000	10.000	15.625	-0.037
960.000	10.000	15.625	-0.037
970.000	10.000	1.953	-0.021
980.000	10.000	1.953	-0.021
990.000	10.000	1.953	-0.021
1000.000	10.000	-11.719	-0.010
1010.000	10.000	-11.719	-0.010
1020.000	10.000	-11.719	-0.010
1030.000	10.000	9.766	-0.012
1040.000	10.000	9.766	-0.012
1050.000	10.000	9.766	-0.012
1060.000	10.000	-1.953	-0.011
1070.000	10.000	-1.953	-0.011
1080.000	10.000	-1.953	-0.011
1090.000	10.000	-17.578	0.129
1100.000	10.000	-17.578	0.129
1110.000	10.000	-17.578	0.129
1120.000	10.000	7.812	0.205
1130.000	10.000	7.812	0.205
1140.000	10.000	7.812	0.205
1150.000	10.000	3.906	0.247
1160.000	10.000	3.906	0.247
1170.000	10.000	3.906	0.247
1180.000	10.000	41.016	0.267
1190.000	10.000	41.016	0.267
1200.000	10.000	41.016	0.267
1210.000	10.000	60.547	0.284
1220.000	10.000	60.547	0.284
1230.000	10.000	60.547	0.284
1240.000	10.000	74.219	0.286
1250.000	10.000	74.219	0.286
1260.000	10.000	74.219	0.286
1270.000	10.000	119.141	0.268
1280.000	10.000	119.141	0.268
1290.000	10.000	119.141	0.268
1300.000	10.000	105.469	0.290
1310.000	10.000	105.469	0.290
1320.000	10.000	105.469	0.290
1330.000	10.000	148.437	0.269
1340.000	10.000	148.437	0.269
1350.000	10.000	148.437	0.269
1360.000	10.000	171.875	0.271
1370.000	10.000	171.875	0.271
1380.000	10.000	171.875	0.271
1390.000	10.000	171.875	0.272
1400.000	10.000	171.875	0.272
1410.000	10.000	171.875	0.272
1420.000	10.000	214.844	0.269
1430.000	10.000	214.844	0.269
1440.000	10.000	214.844	0.269
1450.000	10.000	216.797	0.281
1460.000	10.000	216.797	0.281
1470.000	10.000	216.797	0.281
1480.000	10.000	251.953	0.272
1490.000	10.000	251.953	0.272
1500.000	10.000	251.953	0.272
1510.000	10.000	269.531	0.268
1520.000	10.000	269.531	0.268
1530.000	10.000	269.531	0.268
1540.000	10.000	275.391	0.279
1550.000	10.000	275.391	0.279
1560.000	10.000	275.391	0.279
1570.000	10.000	294.922	0.292
1580.000	10.000	294.922	0.292
1590.000	10.000	294.922	0.292
1600.000	10.000	328.125	0.270
1610.000	10.000	328.125	0.270
1620.000	10.000	328.125	0.270
1630.000	10.000	349.609	0.280
1640.000	10.000	349.609	0.280
1650.000	10.000	349.609	0.280
1660.000	10.000	351.562	0.290
1670.000	10.000	351.562	0.290
1680.000	10.000	351.562	0.290
1690.000	10.000	417.969	0.285
1700.000	10.000	417.969	0.285
1710.000	10.000	417.969	0.285
1720.000	10.000	400.391	0.279
1730.000	10.000	400.391	0.279
1740.000	10.000	400.391	0.279
1750.000	10.000	431.641	0.264
1760.000	10.000	431.641	0.264
1770.000	10.000	431.641	0.264
1780.000	10.000	421.875	0.282
1790.000	10.000	421.875	0.282
1800.000	10.000	421.875	0.282
1810.000	10.000	480.469	0.266
1820.000	10.000	480.469	0.266
1830.000	10.000	480.469	0.266
1840.000	10.000	453.125	0.281
1850.000	10.000	453.125	0.281
1860.000	10.000	453.125	0.281
1870.000	10.000	480.469	0.296
1880.000	10.000	480.469	0.296
1890.000	10.000	480.469	0.296
1900.000	10.000	478.516	0.285
1910.000	10.000	478.516	0.285
1920.000	10.000	478.516	0.285
1930.000	10.000	548.828	0.264
1940.000	10.000	548.828	0.264
1950.000	10.000	548.828	0.264
1960.000	10.000	531.250	0.283
1970.000	10.000	531.250	0.283
1980.000	10.000	531.250	0.283
1990.000	10.000	572.266	0.287
2000.000	10.000	572.266	0.287
2010.000	10.000	572.266	0.287
2020.000	10.000	634.766	0.272
2030.000	10.000	634.766	0.272
2040.000	10.000	634.766	0.272
2050.000	10.000	619.141	0.284
2060.000	10.000	619.141	0.284
2070.000	10.000	619.141	0.284
2080.000	10.000	625.000	0.265
2090.000	10.000	625.000	0.265
2100.000	10.000	625.000	0.265
2110.000	10.000	648.437	0.256
2120.000	10.000	648.437	0.256
2130.000	10.000	648.437	0.256
2140.000	10.000	640.625	0.277
2150.000	10.000	640.625	0.277
2160.000	10.000	640.625	0.277
2170.000	10.000	679.687	0.270
2180.000	10.000	679.687	0.270
2190.000	10.000	679.687	0.270
2200.000	10.000	708.984	0.271
2210.000	10.000	708.984	0.271
2220.000	10.000	708.984	0.271
2230.000	10.000	748.047	0.264
2240.000	10.000	748.047	0.264
2250.000	10.000	748.047	0.264
2260.000	10.000	720.703	0.263
2270.000	10.000	720.703	0.263
2280.000	10.000	720.703	0.263
2290.000	10.000	787.109	0.270
2300.000	10.000	787.109	0.270
2310.000	10.000	787.109	0.270
2320.000	10.000	796.875	0.277
2330.000	10.000	796.875	0.277
2340.000	10.000	796.875	0.277
2350.000	10.000	769.531	0.268
2360.000	10.000	769.531	0.268
2370.000	10.000	769.531	0.268
2380.000	10.000	806.641	0.269
2390.000	10.000	806.641	0.269
2400.000	10.000	806.641	0.269
2410.000	10.000	847.656	0.254
2420.000	10.000	847.656	0.254
2430.000	10.000	847.656	0.254
2440.000	10.000	859.375	0.277
2450.000	10.000	859.375	0.277
2460.000	10.000	859.375	0.277
2470.000	10.000	888.672	0.284
2480.000	10.000	888.672	0.284
2490.000	10.000	888.672	0.284
2500.000	10.000	871.094	0.288
2510.000	10.000	871.094	0.288
2520.000	10.000	871.094	0.288
2530.000	10.000	894.531	0.288
2540.000	10.000	894.531	0.288
2550.000	10.000	894.531	0.288
2560.000	10.000	931.641	0.286
2570.000	10.000	931.641	0.286
2580.000	10.000	931.641	0.286
2590.000	10.000	929.687	0.293
2600.000	10.000	929.687	0.293
2610.000	10.000	929.687	0.293
2620.000	10.000	957.031	0.278
2630.000	10.000	957.031	0.278
2640.000	10.000	957.031	0.278
2650.000	10.000	986.328	0.277
2660.000	10.000	986.328	0.277
2670.000	10.000	986.328	0.277
2680.000	10.000	958.984	0.286
2690.000	10.000	958.984	0.286
2700.000	10.000	958.984	0.286
2710.000	10.000	1037.109	0.276
2720.000	10.000	1037.109	0.276
2730.000	10.000	1037.109	0.276
2740.000	10.000	1033.203	0.248
2750.000	10.000	1033.203	0.248
2760.000	10.000	1033.203	0.248
2770.000	10.000	1052.734	0.264
2780.000	10.000	1052.734	0.264
2790.000	10.000	1052.734	0.264
2800.000	10.000	1082.031	0.267
2810.000	10.000	1082.031	0.267
2820.000	10.000	1082.031	0.267
2830.000	10.000	1105.469	0.271
2840.000	10.000	1105.469	0.271
2850.000	10.000	1105.469	0.271
2860.000	10.000	1058.594	0.280
2870.000	10.000	1058.594	0.280
2880.000	10.000	1058.594	0.280
2890.000	10.000	1136.719	0.283
2900.000	10.000	1136.719	0.283
2910.000	10.000	1136.719	0.283
2920.000	10.000	1140.625	0.271
2930.000	10.000	1140.625	0.271
2940.000	10.000	1140.625	0.271
2950.000	10.000	1166.016	0.292
2960.000	10.000	1166.016	0.292
2970.000	10.000	1166.016	0.292
2980.000	10.000	1181.641	0.263
2990.000	10.000	1181.641	0.263
3000.000	10.000	1181.641	0.263
3010.000	10.000	1187.500	0.266
3020.000	10.000	1187.500	0.266
3030.000	10.000	1187.500	0.266
3040.000	10.000	1160.156	0.280
3050.000	10.000	1160.156	0.280
3060.000	10.000	1160.156	0.280
3070.000	10.000	1205.078	0.288
3080.000	10.000	1205.078	0.288
3090.000	10.000	1205.078	0.288
3100.000	10.000	1242.187	0.272
3110.000	10.000	1242.187	0.272
3120.000	10.000	1242.187	0.272
3130.000	10.000	1248.047	0.271
3140.000	10.000	1248.047	0.271
3150.000	10.000	1248.047	0.271
3160.000	10.000	1265.625	0.255
3170.000	10.000	1265.625	0.255
3180.000	10.000	1265.625	0.255
3190.000	10.000	1291.016	0.269
3200.000	10.000	1291.016	0.269
3210.000	10.000	1291.016	0.269
3220.000	10.000	1330.078	0.272
3230.000	10.000	1330.078	0.272
3240.000	10.000	1330.078	0.272
3250.000	10.000	1292.969	0.272
3260.000	10.000	1292.969	0.272
3270.000	10.000	1292.969	0.272
3280.000	10.000	1308.594	0.267
3290.000	10.000	1308.594	0.267
3300.000	10.000	1308.594	0.267
3310.000	10.000	1355.469	0.286
3320.000	10.000	1355.469	0.286
3330.000	10.000	1355.469	0.286
3340.000	10.000	1335.937	0.281
3350.000	10.000	1335.937	0.281
3360.000	10.000	1335.937	0.281
3370.000	10.000	1353.516	0.284
3380.000	10.000	1353.516	0.284
3390.000	10.000	1353.516	0.284
3400.000	10.000	1384.766	0.250
3410.000	10.000	1384.766	0.250
3420.000	10.000	1384.766	0.250
3430.000	10.000	1382.812	0.274
3440.000	10.000	1382.812	0.274
3450.000	10.000	1382.812	0.274
3460.000	10.000	1457.031	0.262
3470.000	10.000	1457.031	0.262
3480.000	10.000	1457.031	0.262
3490.000	10.000	1474.609	0.284
3500.000	10.000	1474.609	0.284
3510.000	10.000	1474.609	0.284
3520.000	10.000	1474.609	0.267
3530.000	10.000	1474.609	0.267
3540.000	10.000	1474.609	0.267
3550.000	10.000	1476.562	0.273
3560.000	10.000	1476.562	0.273
3570.000	10.000	1476.562	0.273
3580.000	10.000	1478.516	0.275
3590.000	10.000	1478.516	0.275
3600.000	10.000	1478.516	0.275
3610.000	10.000	1511.719	0.262
3620.000	10.000	1511.719	0.262
3630.000	10.000	1511.719	0.262
3640.000	10.000	1488.281	0.271
3650.000	10.000	1488.281	0.271
3660.000	10.000	1488.281	0.271
3670.000	10.000	1556.641	0.275
3680.000	10.000	1556.641	0.275
3690.000	10.000	1556.641	0.275
3700.000	10.000	1554.687	0.292
3710.000	10.000	1554.687	0.292
3720.000	10.000	1554.687	0.292
3730.000	10.000	1570.312	0.267
3740.000	10.000	1570.312	0.267
3750.000	10.000	1570.312	0.267
3760.000	10.000	1558.594	0.281
3770.000	10.000	1558.594	0.281
3780.000	10.000	1558.594	0.281
3790.000	10.000	1589.844	0.262
3800.000	10.000	1589.844	0.262
3810.000	10.000	1589.844	0.262
3820.000	10.000	1583.984	0.266
3830.000	10.000	1583.984	0.266
3840.000	10.000	1583.984	0.266
3850.000	10.000	1636.719	0.259
3860.000	10.000	1636.719	0.259
3870.000	10.000	1636.719	0.259
3880.000	10.000	1654.297	0.284
3890.000	10.000	1654.297	0.284
3900.000	10.000	1654.297	0.284
3910.000	10.000	1654.297	0.262
3920.000	10.000	1654.297	0.262
3930.000	10.000	1654.297	0.262
3940.000	10.000	1681.641	0.271
3950.000	10.000	1681.641	0.271
3960.000	10.000	1681.641	0.271
3970.000	10.000	1720.703	0.276
3980.000	10.000	1720.703	0.276
3990.000	10.000	1720.703	0.276
4000.000	10.000	1675.781	0.287
4010.000	10.000	1675.781	0.287
4020.000	10.000	1675.781	0.287
4030.000	10.000	1734.375	0.281
4040.000	10.000	1734.375	0.281
4050.000	10.000	1734.375	0.281
4060.000	10.000	1724.609	0.263
4070.000	10.000	1724.609	0.263
4080.000	10.000	1724.609	0.263
4090.000	10.000	1779.297	0.276
4100.000	10.000	1779.297	0.276
4110.000	10.000	1779.297	0.276
4120.000	10.000	1789.062	0.289
4130.000	10.000	1789.062	0.289
4140.000	10.000	1789.062	0.289
4150.000	10.000	1792.969	0.292
4160.000	10.000	1792.969	0.292
4170.000	10.000	1792.969	0.292
4180.000	10.000	1796.875	0.273
4190.000	10.000	1796.875	0.273
4200.000	10.000	1796.875	0.273
4210.000	10.000	1810.547	0.258
4220.000	10.000	1810.547	0.258
4230.000	10.000	1810.547	0.258
4240.000	10.000	1794.922	0.260
4250.000	10.000	1794.922	0.260
4260.000	10.000	1794.922	0.260
4270.000	10.000	1845.703	0.256
4280.000	10.000	1845.703	0.256
4290.000	10.000	1845.703	0.256
4300.000	10.000	1841.797	0.253
4310.000	10.000	1841.797	0.253
4320.000	10.000	1841.797	0.253
4330.000	10.000	1867.187	0.260
4340.000	10.000	1867.187	0.260
4350.000	10.000	1867.187	0.260
4360.000	10.000	1884.766	0.264
4370.000	10.000	1884.766	0.264
4380.000	10.000	1884.766	0.264
4390.000	10.000	1876.953	0.290
4400.000	10.000	1876.953	0.290
4410.000	10.000	1876.953	0.290
4420.000	10.000	1880.859	0.259
4430.000	10.000	1880.859	0.259
4440.000	10.000	1880.859	0.259
4450.000	10.000	1916.016	0.262
4460.000	10.000	1916.016	0.262
4470.000	10.000	1916.016	0.262
4480.000	10.000	1958.984	0.271
4490.000	10.000	1958.984	0.271
4500.000	10.000	1958.984	0.271
4510.000	10.000	1976.562	0.285
4520.000	10.000	1976.562	0.285
4530.000	10.000	1976.562	0.285
4540.000	10.000	1998.047	0.271
4550.000	10.000	1998.047	0.271
4560.000	10.000	1998.047	0.271
4570.000	10.000	2000.000	0.274
4580.000	10.000	2000.000	0.274
4590.000	10.000	2000.000	0.274
4600.000	10.000	1974.609	0.259
4610.000	10.000	1974.609	0.259
4620.000	10.000	1974.609	0.259
4630.000	10.000	1986.328	0.265
4640.000	10.000	1986.328	0.265
4650.000	10.000	1986.328	0.265
4660.000	10.000	2013.672	0.249
4670.000	10.000	2013.672	0.249
4680.000	10.000	2013.672	0.249
4690.000	10.000	2072.266	0.263
4700.000	10.000	2072.266	0.263
4710.000	10.000	2072.266	0.263
4720.000	10.000	2060.547	0.272
4730.000	10.000	2060.547	0.272
4740.000	10.000	2060.547	0.272
4750.000	10.000	2066.406	0.282
4760.000	10.000	2066.406	0.282
4770.000	10.000	2066.406	0.282
4780.000	10.000	2080.078	0.267
4790.000	10.000	2080.078	0.267
4800.000	10.000	2080.078	0.267
4810.000	10.000	2085.937	0.288
4820.000	10.000	2085.937	0.288
4830.000	10.000	2085.937	0.288
4840.000	10.000	2134.766	0.264
4850.000	10.000	2134.766	0.264
4860.000	10.000	2134.766	0.264
4870.000	10.000	2125.000	0.286
4880.000	10.000	2125.000	0.286
4890.000	10.000	2125.000	0.286
4900.000	10.000	2148.437	0.263
4910.000	10.000	2148.437	0.263
4920.000	10.000	2148.437	0.263
4930.000	10.000	2160.156	0.272
4940.000	10.000	2160.156	0.272
4950.000	10.000	2160.156	0.272
4960.000	10.000	2164.062	0.281
4970.000	10.000	2164.062	0.281
4980.000	10.000	2164.062	0.281
4990.000	10.000	2189.453	0.268
5000.000	10.000	2189.453	0.268
5010.000	10.000	2189.453	0.268
5020.000	10.000	2197.266	0.273
5030.000	10.000	2197.266	0.273
5040.000	10.000	2197.266	0.273
5050.000	10.000	2234.375	0.263
5060.000	10.000	2234.375	0.263
5070.000	10.000	2234.375	0.263
5080.000	10.000	2250.000	0.264
5090.000	10.000	2250.000	0.264
5100.000	10.000	2250.000	0.264
5110.000	10.000	2244.141	0.291
5120.000	10.000	2244.141	0.291
5130.000	10.000	2244.141	0.291
5140.000	10.000	2242.187	0.276
5150.000	10.000	2242.187	0.276
5160.000	10.000	2242.187	0.276
5170.000	10.000	2248.047	0.275
5180.000	10.000	2248.047	0.275
5190.000	10.000	2248.047	0.275
5200.000	10.000	2283.203	0.269
5210.000	10.000	2283.203	0.269
5220.000	10.000	2283.203	0.269
5230.000	10.000	2285.156	0.257
5240.000	10.000	2285.156	0.257
5250.000	10.000	2285.156	0.257
5260.000	10.000	2291.016	0.288
5270.000	10.000	2291.016	0.288
5280.000	10.000	2291.016	0.288
5290.000	10.000	2343.750	0.289
5300.000	10.000	2343.750	0.289
5310.000	10.000	2343.750	0.289
5320.000	10.000	2376.953	0.263
5330.000	10.000	2376.953	0.263
5340.000	10.000	2376.953	0.263
5350.000	10.000	2375.000	0.258
5360.000	10.000	2375.000	0.258
5370.000	10.000	2375.000	0.258
5380.000	10.000	2367.187	0.268
5390.000	10.000	2367.187	0.268
5400.000	10.000	2367.187	0.268
5410.000	10.000	2361.328	0.265
5420.000	10.000	2361.328	0.265
5430.000	10.000	2361.328	0.265
5440.000	10.000	2419.922	0.263
5450.000	10.000	2419.922	0.263
5460.000	10.000	2419.922	0.263
5470.000	10.000	2388.672	0.260
5480.000	10.000	2388.672	0.260
5490.000	10.000	2388.672	0.260
5500.000	10.000	2388.672	0.287
5510.000	10.000	2388.672	0.287
5520.000	10.000	2388.672	0.287
5530.000	10.000	2462.891	0.276
5540.000	10.000	2462.891	0.276
5550.000	10.000	2462.891	0.276
5560.000	10.000	2439.453	0.272
5570.000	10.000	2439.453	0.272
5580.000	10.000	2439.453	0.272
5590.000	10.000	2445.312	0.277
5600.000	10.000	2445.312	0.277
5610.000	10.000	2445.312	0.277
5620.000	10.000	2503.906	0.272
5630.000	10.000	2503.906	0.272
5640.000	10.000	2503.906	0.272
5650.000	10.000	2476.562	0.249
5660.000	10.000	2476.562	0.249
5670.000	10.000	2476.562	0.249
5680.000	10.000	2521.484	0.268
5690.000	10.000	2521.484	0.268
5700.000	10.000	2521.484	0.268
5710.000	10.000	2523.437	0.287
5720.000	10.000	2523.437	0.287
5730.000	10.000	2523.437	0.287
5740.000	10.000	2552.734	0.280
5750.000	10.000	2552.734	0.280
5760.000	10.000	2552.734	0.280
5770.000	10.000	2576.172	0.278
5780.000	10.000	2576.172	0.278
5790.000	10.000	2576.172	0.278
5800.000	10.000	2558.594	0.275
5810.000	10.000	2558.594	0.275
5820.000	10.000	2558.594	0.275
5830.000	10.000	2558.594	0.249
5840.000	10.000	2558.594	0.249
5850.000	10.000	2558.594	0.249
5860.000	10.000	2615.234	0.271
5870.000	10.000	2615.234	0.271
5880.000	10.000	2615.234	0.271
5890.000	10.000	2607.422	0.246
5900.000	10.000	2607.422	0.246
5910.000	10.000	2607.422	0.246
5920.000	10.000	2615.234	0.275
5930.000	10.000	2615.234	0.275
5940.000	10.000	2615.234	0.275
5950.000	10.000	2621.094	0.251
5960.000	10.000	2621.094	0.251
5970.000	10.000	2621.094	0.251
5980.000	10.000	2640.625	0.247
5990.000	10.000	2640.625	0.247
6000.000	10.000	2640.625	0.247
6010.000	10.000	2630.859	0.262
6020.000	10.000	2630.859	0.262
6030.000	10.000	2630.859	0.262
6040.000	10.000	2669.922	0.284
6050.000	10.000	2669.922	0.284
6060.000	10.000	2669.922	0.284
6070.000	10.000	2664.062	0.269
6080.000	10.000	2664.062	0.269
6090.000	10.000	2664.062	0.269
6100.000	10.000	2669.922	0.124
6110.000	10.000	2669.922	0.124
6120.000	10.000	2669.922	0.124
6130.000	10.000	2662.109	0.015
6140.000	10.000	2662.109	0.015
6150.000	10.000	2662.109	0.015
6160.000	10.000	2664.062	0.018
6170.000	10.000	2664.062	0.018
6180.000	10.000	2664.062	0.018
6190.000	10.000	2617.187	0.002
6200.000	10.000	2617.187	0.002
6210.000	10.000	2617.187	0.002
6220.000	10.000	2664.062	-0.013
6230.000	10.000	2664.062	-0.013
6240.000	10.000	2664.062	-0.013
6250.000	10.000	2583.984	-0.013
6260.000	10.000	2583.984	-0.013
6270.000	10.000	2583.984	-0.013
6280.000	10.000	2591.797	-0.027
6290.000	10.000	2591.797	-0.027
6300.000	10.000	2591.797	-0.027
6310.000	10.000	2619.141	-0.020
6320.000	10.000	2619.141	-0.020
6330.000	10.000	2619.141	-0.020
6340.000	10.000	2580.078	-0.022
6350.000	10.000	2580.078	-0.022
6360.000	10.000	2580.078	-0.022
6370.000	10.000	2587.891	-0.021
6380.000	10.000	2587.891	-0.021
6390.000	10.000	2587.891	-0.021
6400.000	10.000	2570.312	-0.029
6410.000	10.000	2570.312	-0.029
6420.000	10.000	2570.312	-0.029
6430.000	10.000	2519.531	-0.027
6440.000	10.000	2519.531	-0.027
6450.000	10.000	2519.531	-0.027
6460.000	10.000	2546.875	-0.008
6470.000	10.000	2546.875	-0.008
6480.000	10.000	2546.875	-0.008
6490.000	10.000	2492.187	-0.030
6500.000	10.000	2492.187	-0.030
6510.000	10.000	2492.187	-0.030
6520.000	10.000	2480.469	-0.042
6530.000	10.000	2480.469	-0.042
6540.000	10.000	2480.469	-0.042
6550.000	10.000	2484.375	-0.046
6560.000	10.000	2484.375	-0.046
6570.000	10.000	2484.375	-0.046
6580.000	10.000	2482.422	-0.010
6590.000	10.000	2482.422	-0.010
6600.000	10.000	2482.422	-0.010
6610.000	10.000	2455.078	-0.041
6620.000	10.000	2455.078	-0.041
6630.000	10.000	2455.078	-0.041
6640.000	10.000	2414.062	-0.006
6650.000	10.000	2414.062	-0.006
6660.000	10.000	2414.062	-0.006
6670.000	10.000	2455.078	-0.016
6680.000	10.000	2455.078	-0.016
6690.000	10.000	2455.078	-0.016
6700.000	10.000	2396.484	-0.019
6710.000	10.000	2396.484	-0.019
6720.000	10.000	2396.484	-0.019
6730.000	10.000	2421.875	-0.012
6740.000	10.000	2421.875	-0.012
6750.000	10.000	2421.875	-0.012
6760.000	10.000	2402.344	-0.005
6770.000	10.000	2402.344	-0.005
6780.000	10.000	2402.344	-0.005
6790.000	10.000	2357.422	-0.017
6800.000	10.000	2357.422	-0.017
6810.000	10.000	2357.422	-0.017
6820.000	10.000	2351.562	-0.018
6830.000	10.000	2351.562	-0.018
6840.000	10.000	2351.562	-0.018
6850.000	10.000	2343.750	-0.017
6860.000	10.000	2343.750	-0.017
6870.000	10.000	2343.750	-0.017
6880.000	10.000	2341.797	-0.007
6890.000	10.000	2341.797	-0.007
6900.000	10.000	2341.797	-0.007
6910.000	10.000	2279.297	-0.013
6920.000	10.000	2279.297	-0.013
6930.000	10.000	2279.297	-0.013
6940.000	10.000	2312.500	-0.028
6950.000	10.000	2312.500	-0.028
6960.000	10.000	2312.500	-0.028
6970.000	10.000	2275.391	-0.013
6980.000	10.000	2275.391	-0.013
6990.000	10.000	2275.391	-0.013
7000.000	10.000	2246.094	-0.009
7010.000	10.000	2246.094	-0.009
7020.000	10.000	2246.094	-0.009
