% Time (s)	Gyro Output (rads/s)	Input Rate (RPM)	%8/27/20202:14 PM
0.000	0.000	0.000
5167.990	0.010	0.000
5168.000	0.010	0.000
5168.010	0.010	0.000
5168.020	0.010	0.000
5168.030	0.010	0.000
5168.040	0.010	0.000
5168.050	0.010	0.000
5168.060	0.010	0.000
5168.070	0.010	0.000
5168.080	0.010	0.073
5168.090	0.010	0.146
5168.100	-0.030	0.220
5168.110	-0.030	0.293
5168.120	-0.030	0.439
5168.130	-0.080	0.586
5168.140	-0.080	0.732
5168.150	-0.080	0.952
5168.160	-0.140	1.172
5168.170	-0.140	1.465
5168.180	-0.140	1.685
5168.190	-0.210	1.978
5168.200	-0.210	2.197
5168.210	-0.210	2.344
5168.220	-0.270	2.490
5168.230	-0.270	2.637
5168.240	-0.270	2.930
5168.250	-0.330	3.296
5168.260	-0.330	3.589
5168.270	-0.330	3.735
5168.280	-0.400	3.882
5168.290	-0.400	4.102
5168.300	-0.400	4.468
5168.310	-0.460	4.687
5168.320	-0.460	4.907
5168.330	-0.460	5.273
5168.340	-0.540	5.786
5168.350	-0.540	5.786
5168.360	-0.540	6.079
5168.370	-0.620	6.445
5168.380	-0.620	6.665
5168.390	-0.620	6.738
5168.400	-0.700	7.251
5168.410	-0.700	7.544
5168.420	-0.700	7.983
5168.430	-0.780	8.203
5168.440	-0.780	8.057
5168.450	-0.780	8.716
5168.460	-0.860	8.862
5168.470	-0.860	9.229
5168.480	-0.860	9.448
5168.490	-0.950	10.107
5168.500	-0.950	10.547
5168.510	-0.950	10.620
5168.520	-1.020	10.620
5168.530	-1.020	11.206
5168.540	-1.020	11.646
5168.550	-1.110	11.865
5168.560	-1.110	11.938
5168.570	-1.110	12.305
5168.580	-1.190	12.891
5168.590	-1.190	12.744
5168.600	-1.190	13.330
5168.610	-1.270	13.623
5168.620	-1.270	13.989
5168.630	-1.270	14.209
5168.640	-1.380	14.502
5168.650	-1.380	14.502
5168.660	-1.380	15.527
5168.670	-1.430	15.527
5168.680	-1.430	15.454
5168.690	-1.430	16.406
5168.700	-1.540	16.406
5168.710	-1.540	16.553
5168.720	-1.540	17.065
5168.730	-1.600	17.212
5168.740	-1.600	17.725
5168.750	-1.600	18.164
5168.760	-1.710	18.384
5168.770	-1.710	18.530
5168.780	-1.710	18.896
5168.790	-1.790	19.263
5168.800	-1.790	19.336
5168.810	-1.790	19.995
5168.820	-1.870	20.215
5168.830	-1.870	20.581
5168.840	-1.870	20.728
5168.850	-1.960	21.094
5168.860	-1.960	21.313
5168.870	-1.960	21.606
5168.880	-2.010	22.339
5168.890	-2.010	22.266
5168.900	-2.010	22.852
5168.910	-2.120	22.852
5168.920	-2.120	23.145
5168.930	-2.120	23.364
5168.940	-2.190	23.730
5168.950	-2.190	24.023
5168.960	-2.190	24.097
5168.970	-2.260	24.683
5168.980	-2.260	24.536
5168.990	-2.260	25.122
5169.000	-2.360	25.488
5169.010	-2.360	25.854
5169.020	-2.360	26.074
5169.030	-2.420	26.294
5169.040	-2.420	26.587
5169.050	-2.420	26.660
5169.060	-2.500	27.539
5169.070	-2.500	27.759
5169.080	-2.500	27.905
5169.090	-2.570	27.905
5169.100	-2.570	28.125
5169.110	-2.570	28.638
5169.120	-2.640	28.638
5169.130	-2.640	28.931
5169.140	-2.640	29.370
5169.150	-2.710	29.663
5169.160	-2.710	29.297
5169.170	-2.710	30.103
5169.180	-2.780	30.542
5169.190	-2.780	30.542
5169.200	-2.780	30.835
5169.210	-2.830	31.128
5169.220	-2.830	31.421
5169.230	-2.830	31.641
5169.240	-2.900	31.641
5169.250	-2.900	32.080
5169.260	-2.900	32.373
5169.270	-2.970	32.446
5169.280	-2.970	32.666
5169.290	-2.970	32.812
5169.300	-3.030	33.105
5169.310	-3.030	33.252
5169.320	-3.030	33.472
5169.330	-3.080	33.618
5169.340	-3.080	33.984
5169.350	-3.080	33.984
5169.360	-3.130	34.497
5169.370	-3.130	34.131
5169.380	-3.130	34.570
5169.390	-3.160	35.010
5169.400	-3.160	34.937
5169.410	-3.160	34.863
5169.420	-3.220	35.376
5169.430	-3.220	35.669
5169.440	-3.220	35.669
5169.450	-3.290	36.108
5169.460	-3.290	35.889
5169.470	-3.290	36.621
5169.480	-3.330	36.475
5169.490	-3.330	36.621
5169.500	-3.330	36.621
5169.510	-3.350	37.061
5169.520	-3.350	37.134
5169.530	-3.350	37.207
5169.540	-3.410	37.500
5169.550	-3.410	37.354
5169.560	-3.410	37.573
5169.570	-3.460	37.793
5169.580	-3.460	37.939
5169.590	-3.460	38.013
5169.600	-3.480	38.306
5169.610	-3.480	38.306
5169.620	-3.480	38.159
5169.630	-3.510	38.672
5169.640	-3.510	38.672
5169.650	-3.510	38.745
5169.660	-3.560	39.331
5169.670	-3.560	38.892
5169.680	-3.560	38.965
5169.690	-3.560	39.331
5169.700	-3.560	39.404
5169.710	-3.560	39.551
5169.720	-3.590	39.844
5169.730	-3.590	39.697
5169.740	-3.590	39.551
5169.750	-3.640	39.771
5169.760	-3.640	39.771
5169.770	-3.640	40.137
5169.780	-3.640	40.430
5169.790	-3.640	40.210
5169.800	-3.640	40.356
5169.810	-3.670	40.576
5169.820	-3.670	40.210
5169.830	-3.670	40.356
5169.840	-3.680	40.796
5169.850	-3.680	40.869
5169.860	-3.680	40.503
5169.870	-3.690	40.723
5169.880	-3.690	40.649
5169.890	-3.690	40.576
5169.900	-3.710	40.576
5169.910	-3.710	40.649
5169.920	-3.710	41.089
5169.930	-3.700	41.089
5169.940	-3.700	40.796
5169.950	-3.700	40.869
5169.960	-3.710	41.235
5169.970	-3.710	40.723
5169.980	-3.710	40.723
5169.990	-3.710	41.089
5170.000	-3.710	41.089
5170.010	-3.710	40.942
5170.020	-3.680	40.869
5170.030	-3.680	40.796
5170.040	-3.680	40.869
5170.050	-3.690	40.649
5170.060	-3.690	40.430
5170.070	-3.690	40.796
5170.080	-3.670	41.016
5170.090	-3.670	40.503
5170.100	-3.670	40.649
5170.110	-3.630	40.503
5170.120	-3.630	40.063
5170.130	-3.630	40.063
5170.140	-3.630	40.283
5170.150	-3.630	40.283
5170.160	-3.630	40.063
5170.170	-3.560	39.917
5170.180	-3.560	39.331
5170.190	-3.560	39.478
5170.200	-3.540	39.404
5170.210	-3.540	39.258
5170.220	-3.540	39.478
5170.230	-3.500	39.258
5170.240	-3.500	38.525
5170.250	-3.500	38.599
5170.260	-3.440	38.818
5170.270	-3.440	38.306
5170.280	-3.440	38.525
5170.290	-3.390	38.086
5170.300	-3.390	37.720
5170.310	-3.390	37.720
5170.320	-3.350	37.573
5170.330	-3.350	37.134
5170.340	-3.350	37.061
5170.350	-3.260	36.987
5170.360	-3.260	36.255
5170.370	-3.260	36.401
5170.380	-3.180	35.815
5170.390	-3.180	36.035
5170.400	-3.180	35.596
5170.410	-3.130	35.376
5170.420	-3.130	34.717
5170.430	-3.130	34.790
5170.440	-3.050	34.717
5170.450	-3.050	33.765
5170.460	-3.050	34.058
5170.470	-2.960	33.618
5170.480	-2.960	33.179
5170.490	-2.960	32.959
5170.500	-2.850	32.593
5170.510	-2.850	31.860
5170.520	-2.850	32.153
5170.530	-2.750	31.567
5170.540	-2.750	30.908
5170.550	-2.750	31.128
5170.560	-2.660	30.396
5170.570	-2.660	29.956
5170.580	-2.660	29.883
5170.590	-2.560	29.077
5170.600	-2.560	28.931
5170.610	-2.560	28.638
5170.620	-2.460	28.198
5170.630	-2.460	27.759
5170.640	-2.460	27.539
5170.650	-2.350	27.026
5170.660	-2.350	26.514
5170.670	-2.350	26.147
5170.680	-2.240	25.635
5170.690	-2.240	25.488
5170.700	-2.240	24.829
5170.710	-2.120	24.683
5170.720	-2.120	23.877
5170.730	-2.120	23.584
5170.740	-1.990	23.218
5170.750	-1.990	22.485
5170.760	-1.990	22.192
5170.770	-1.850	21.606
5170.780	-1.850	21.387
5170.790	-1.850	20.801
5170.800	-1.740	20.435
5170.810	-1.740	19.775
5170.820	-1.740	19.189
5170.830	-1.600	18.896
5170.840	-1.600	18.457
5170.850	-1.600	17.798
5170.860	-1.470	17.505
5170.870	-1.470	17.139
5170.880	-1.470	15.967
5170.890	-1.320	15.967
5170.900	-1.320	15.381
5170.910	-1.320	15.015
5170.920	-1.180	14.355
5170.930	-1.180	13.916
5170.940	-1.180	13.257
5170.950	-1.050	13.184
5170.960	-1.050	12.158
5170.970	-1.050	11.792
5170.980	-0.910	11.499
5170.990	-0.910	10.767
5171.000	-0.910	10.400
5171.010	-0.750	9.668
5171.020	-0.750	9.302
5171.030	-0.750	8.496
5171.040	-0.640	8.203
5171.050	-0.640	7.471
5171.060	-0.640	7.251
5171.070	-0.460	6.592
5171.080	-0.460	6.079
5171.090	-0.460	5.566
5171.100	-0.310	4.907
5171.110	-0.310	4.468
5171.120	-0.310	4.028
5171.130	-0.180	3.442
5171.140	-0.180	2.710
5171.150	-0.180	2.271
5171.160	-0.040	1.758
5171.170	-0.040	1.245
5171.180	-0.040	0.586
5171.190	0.110	0.073
5171.200	0.110	-0.439
5171.210	0.110	-0.952
5171.220	0.270	-1.538
5171.230	0.270	-2.051
5171.240	0.270	-2.490
5171.250	0.410	-3.149
5171.260	0.410	-3.882
5171.270	0.410	-4.395
5171.280	0.540	-4.687
5171.290	0.540	-5.273
5171.300	0.540	-5.786
5171.310	0.670	-6.226
5171.320	0.670	-6.958
5171.330	0.670	-7.324
5171.340	0.800	-7.764
5171.350	0.800	-8.203
5171.360	0.800	-8.569
5171.370	0.940	-9.229
5171.380	0.940	-10.181
5171.390	0.940	-10.767
5171.400	1.080	-11.279
5171.410	1.080	-11.279
5171.420	1.080	-12.012
5171.430	1.190	-12.012
5171.440	1.190	-12.817
5171.450	1.190	-13.403
5171.460	1.330	-13.403
5171.470	1.330	-14.062
5171.480	1.330	-14.868
5171.490	1.440	-14.868
5171.500	1.440	-15.308
5171.510	1.440	-16.260
5171.520	1.540	-16.260
5171.530	1.540	-16.479
5171.540	1.540	-17.505
5171.550	1.640	-17.505
5171.560	1.640	-17.725
5171.570	1.640	-18.237
5171.580	1.740	-18.237
5171.590	1.740	-18.677
5171.600	1.740	-19.336
5171.610	1.830	-19.336
5171.620	1.830	-19.702
5171.630	1.830	-20.654
5171.640	1.940	-20.654
5171.650	1.940	-20.728
5171.660	1.940	-21.460
5171.670	2.030	-21.460
5171.680	2.030	-22.192
5171.690	2.030	-22.852
5171.700	2.120	-22.852
5171.710	2.120	-23.071
5171.720	2.120	-23.364
5171.730	2.200	-23.657
5171.740	2.200	-23.877
5171.750	2.200	-24.243
5171.760	2.280	-24.316
5171.770	2.280	-24.902
5171.780	2.280	-25.122
5171.790	2.370	-25.781
5171.800	2.370	-25.635
5171.810	2.370	-26.147
5171.820	2.450	-26.294
5171.830	2.450	-26.587
5171.840	2.450	-27.100
5171.850	2.520	-27.466
5171.860	2.520	-27.686
5171.870	2.520	-27.686
5171.880	2.600	-28.052
5171.890	2.600	-28.271
5171.900	2.600	-28.564
5171.910	2.650	-28.857
5171.920	2.650	-29.370
5171.930	2.650	-29.443
5171.940	2.730	-29.517
5171.950	2.730	-29.810
5171.960	2.730	-29.956
5171.970	2.780	-30.469
5171.980	2.780	-30.615
5171.990	2.780	-30.615
5172.000	2.850	-30.908
5172.010	2.850	-31.128
5172.020	2.850	-30.981
5172.030	2.880	-31.494
5172.040	2.880	-31.787
5172.050	2.880	-31.641
5172.060	2.950	-32.227
5172.070	2.950	-32.227
5172.080	2.950	-32.153
5172.090	2.960	-32.666
5172.100	2.960	-32.666
5172.110	2.960	-32.886
5172.120	3.030	-33.105
5172.130	3.030	-32.959
5172.140	3.030	-33.179
5172.150	3.040	-33.545
5172.160	3.040	-33.472
5172.170	3.040	-33.472
5172.180	3.090	-34.058
5172.190	3.090	-33.545
5172.200	3.090	-33.984
5172.210	3.090	-33.911
5172.220	3.090	-34.131
5172.230	3.090	-34.277
5172.240	3.120	-33.911
5172.250	3.120	-34.204
5172.260	3.120	-34.058
5172.270	3.120	-34.351
5172.280	3.120	-33.984
5172.290	3.120	-34.570
5172.300	3.120	-34.277
5172.310	3.120	-34.497
5172.320	3.120	-34.204
5172.330	3.150	-34.644
5172.340	3.150	-34.497
5172.350	3.150	-34.497
5172.360	3.120	-34.497
5172.370	3.120	-34.497
5172.380	3.120	-34.424
5172.390	3.110	-34.204
5172.400	3.110	-34.497
5172.410	3.110	-34.131
5172.420	3.130	-34.424
5172.430	3.130	-33.911
5172.440	3.130	-34.424
5172.450	3.080	-34.204
5172.460	3.080	-34.058
5172.470	3.080	-33.911
5172.480	3.050	-34.204
5172.490	3.050	-33.911
5172.500	3.050	-33.691
5172.510	3.070	-33.984
5172.520	3.070	-33.545
5172.530	3.070	-33.691
5172.540	3.060	-33.398
5172.550	3.060	-33.252
5172.560	3.060	-33.252
5172.570	2.970	-33.105
5172.580	2.970	-32.886
5172.590	2.970	-32.812
5172.600	2.970	-32.666
5172.610	2.970	-32.446
5172.620	2.970	-32.373
5172.630	2.890	-32.153
5172.640	2.890	-32.153
5172.650	2.890	-31.860
5172.660	2.880	-31.641
5172.670	2.880	-31.787
5172.680	2.880	-31.348
5172.690	2.810	-31.274
5172.700	2.810	-31.348
5172.710	2.810	-30.835
5172.720	2.740	-30.762
5172.730	2.740	-30.542
5172.740	2.740	-30.249
5172.750	2.730	-30.396
5172.760	2.730	-29.956
5172.770	2.730	-29.443
5172.780	2.630	-29.736
5172.790	2.630	-29.370
5172.800	2.630	-28.931
5172.810	2.590	-28.784
5172.820	2.590	-28.491
5172.830	2.590	-28.491
5172.840	2.510	-28.198
5172.850	2.510	-27.905
5172.860	2.510	-27.759
5172.870	2.440	-27.612
5172.880	2.440	-26.807
5172.890	2.440	-26.660
5172.900	2.360	-26.587
5172.910	2.360	-26.294
5172.920	2.360	-26.367
5172.930	2.320	-25.781
5172.940	2.320	-25.562
5172.950	2.320	-25.122
5172.960	2.200	-25.122
5172.970	2.200	-24.536
5172.980	2.200	-24.609
5172.990	2.140	-24.316
5173.000	2.140	-23.804
5173.010	2.140	-23.364
5173.020	2.050	-22.925
5173.030	2.050	-22.705
5173.040	2.050	-22.339
5173.050	1.950	-22.192
5173.060	1.950	-21.753
5173.070	1.950	-21.826
5173.080	1.880	-21.240
5173.090	1.880	-20.874
5173.100	1.880	-20.435
5173.110	1.780	-20.435
5173.120	1.780	-20.142
5173.130	1.780	-19.702
5173.140	1.670	-19.189
5173.150	1.670	-18.750
5173.160	1.670	-18.457
5173.170	1.590	-18.018
5173.180	1.590	-17.578
5173.190	1.590	-17.358
5173.200	1.480	-17.358
5173.210	1.480	-16.626
5173.220	1.480	-16.187
5173.230	1.380	-15.967
5173.240	1.380	-15.674
5173.250	1.380	-15.308
5173.260	1.280	-14.795
5173.270	1.280	-14.502
5173.280	1.280	-13.989
5173.290	1.160	-13.696
5173.300	1.160	-12.964
5173.310	1.160	-13.110
5173.320	1.060	-12.451
5173.330	1.060	-12.012
5173.340	1.060	-11.572
5173.350	0.950	-11.206
5173.360	0.950	-10.986
5173.370	0.950	-10.181
5173.380	0.820	-9.888
5173.390	0.820	-9.521
5173.400	0.820	-8.423
5173.410	0.700	-8.423
5173.420	0.700	-8.423
5173.430	0.700	-7.397
5173.440	0.610	-7.397
5173.450	0.610	-6.958
5173.460	0.610	-6.372
5173.470	0.520	-6.372
5173.480	0.520	-6.152
5173.490	0.520	-5.273
5173.500	0.420	-5.273
5173.510	0.420	-5.054
5173.520	0.420	-4.248
5173.530	0.320	-4.248
5173.540	0.320	-4.028
5173.550	0.320	-3.223
5173.560	0.210	-3.223
5173.570	0.210	-2.783
5173.580	0.210	-2.124
5173.590	0.110	-2.124
5173.600	0.110	-1.685
5173.610	0.110	-0.806
5173.620	0.020	-0.806
5173.630	0.020	-0.439
5173.640	0.020	0.146
5173.650	-0.090	0.146
5173.660	-0.090	0.439
5173.670	-0.090	1.318
5173.680	-0.190	1.318
5173.690	-0.190	1.685
5173.700	-0.190	2.124
5173.710	-0.290	2.490
5173.720	-0.290	2.783
5173.730	-0.290	3.296
5173.740	-0.390	3.809
5173.750	-0.390	4.102
5173.760	-0.390	4.321
5173.770	-0.470	4.541
5173.780	-0.470	4.980
5173.790	-0.470	5.273
5173.800	-0.550	5.566
5173.810	-0.550	6.079
5173.820	-0.550	6.372
5173.830	-0.660	6.372
5173.840	-0.660	6.812
5173.850	-0.660	7.251
5173.860	-0.740	7.764
5173.870	-0.740	8.203
5173.880	-0.740	8.130
5173.890	-0.850	8.716
5173.900	-0.850	8.936
5173.910	-0.850	9.302
5173.920	-0.930	9.595
5173.930	-0.930	10.181
5173.940	-0.930	10.327
5173.950	-1.020	10.767
5173.960	-1.020	10.840
5173.970	-1.020	11.353
5173.980	-1.100	11.865
5173.990	-1.100	12.012
5174.000	-1.100	12.158
5174.010	-1.190	12.598
5174.020	-1.190	13.110
5174.030	-1.190	13.184
5174.040	-1.300	13.770
5174.050	-1.300	13.916
5174.060	-1.300	14.209
5174.070	-1.360	14.648
5174.080	-1.360	14.868
5174.090	-1.360	14.868
5174.100	-1.440	15.674
5174.110	-1.440	15.747
5174.120	-1.440	15.674
5174.130	-1.540	16.406
5174.140	-1.540	16.406
5174.150	-1.540	16.846
5174.160	-1.600	17.432
5174.170	-1.600	17.139
5174.180	-1.600	17.578
5174.190	-1.670	18.237
5174.200	-1.670	18.457
5174.210	-1.670	18.677
5174.220	-1.770	19.043
5174.230	-1.770	19.116
5174.240	-1.770	19.336
5174.250	-1.840	19.775
5174.260	-1.840	19.922
5174.270	-1.840	20.508
5174.280	-1.910	20.654
5174.290	-1.910	20.801
5174.300	-1.910	20.947
5174.310	-1.990	21.313
5174.320	-1.990	21.826
5174.330	-1.990	22.046
5174.340	-2.060	22.485
5174.350	-2.060	22.705
5174.360	-2.060	22.925
5174.370	-2.120	23.218
5174.380	-2.120	23.437
5174.390	-2.120	23.584
5174.400	-2.200	23.877
5174.410	-2.200	23.877
5174.420	-2.200	24.243
5174.430	-2.270	24.243
5174.440	-2.270	24.316
5174.450	-2.270	24.829
5174.460	-2.330	24.829
5174.470	-2.330	25.269
5174.480	-2.330	25.781
5174.490	-2.370	25.781
5174.500	-2.370	26.001
5174.510	-2.370	26.367
5174.520	-2.430	26.367
5174.530	-2.430	26.514
5174.540	-2.430	27.100
5174.550	-2.490	27.100
5174.560	-2.490	27.319
5174.570	-2.490	27.246
5174.580	-2.530	27.539
5174.590	-2.530	27.832
5174.600	-2.530	28.052
5174.610	-2.580	28.198
5174.620	-2.580	28.271
5174.630	-2.580	28.638
5174.640	-2.610	28.638
5174.650	-2.610	28.638
5174.660	-2.610	28.784
5174.670	-2.640	29.224
5174.680	-2.640	29.224
5174.690	-2.640	29.077
5174.700	-2.690	29.370
5174.710	-2.690	29.736
5174.720	-2.690	29.736
5174.730	-2.740	29.736
5174.740	-2.740	29.883
5174.750	-2.740	30.103
5174.760	-2.770	30.469
5174.770	-2.770	30.322
5174.780	-2.770	30.542
5174.790	-2.780	30.688
5174.800	-2.780	30.615
5174.810	-2.780	30.762
5174.820	-2.790	30.981
5174.830	-2.790	31.055
5174.840	-2.790	31.201
5174.850	-2.820	31.128
5174.860	-2.820	31.128
5174.870	-2.820	31.274
5174.880	-2.840	31.201
5174.890	-2.840	31.421
5174.900	-2.840	31.494
5174.910	-2.850	31.274
5174.920	-2.850	31.348
5174.930	-2.850	31.421
5174.940	-2.850	31.421
5174.950	-2.850	31.641
5174.960	-2.850	31.494
5174.970	-2.840	31.421
5174.980	-2.840	31.567
5174.990	-2.840	31.421
5175.000	-2.840	31.494
5175.010	-2.840	31.787
5175.020	-2.840	31.494
5175.030	-2.820	31.421
5175.040	-2.820	31.421
5175.050	-2.820	31.201
5175.060	-2.810	31.421
5175.070	-2.810	31.421
5175.080	-2.810	31.128
5175.090	-2.810	31.128
5175.100	-2.810	31.055
5175.110	-2.810	30.762
5175.120	-2.780	30.908
5175.130	-2.780	30.688
5175.140	-2.780	30.688
5175.150	-2.730	30.615
5175.160	-2.730	30.249
5175.170	-2.730	30.396
5175.180	-2.690	30.469
5175.190	-2.690	30.029
5175.200	-2.690	30.029
5175.210	-2.650	29.956
5175.220	-2.650	29.736
5175.230	-2.650	29.150
5175.240	-2.610	29.150
5175.250	-2.610	29.297
5175.260	-2.610	28.711
5175.270	-2.580	28.711
5175.280	-2.580	28.564
5175.290	-2.580	28.418
5175.300	-2.520	28.418
5175.310	-2.520	28.125
5175.320	-2.520	27.759
5175.330	-2.460	27.759
5175.340	-2.460	27.612
5175.350	-2.460	26.807
5175.360	-2.340	26.807
5175.370	-2.340	26.953
5175.380	-2.340	26.440
5175.390	-2.320	26.660
5175.400	-2.320	26.001
5175.410	-2.320	25.854
5175.420	-2.250	25.562
5175.430	-2.250	25.269
5175.440	-2.250	24.902
5175.450	-2.160	24.902
5175.460	-2.160	24.683
5175.470	-2.160	23.950
5175.480	-2.070	23.950
5175.490	-2.070	23.437
5175.500	-2.070	22.705
5175.510	-1.990	22.705
5175.520	-1.990	22.266
5175.530	-1.990	21.753
5175.540	-1.910	21.753
5175.550	-1.910	21.460
5175.560	-1.910	20.728
5175.570	-1.810	20.728
5175.580	-1.810	20.508
5175.590	-1.810	19.849
5175.600	-1.710	19.849
5175.610	-1.710	19.482
5175.620	-1.710	19.043
5175.630	-1.590	18.677
5175.640	-1.590	18.384
5175.650	-1.590	17.725
5175.660	-1.470	17.358
5175.670	-1.470	17.065
5175.680	-1.470	16.333
5175.690	-1.360	16.406
5175.700	-1.360	15.894
5175.710	-1.360	15.088
5175.720	-1.250	15.161
5175.730	-1.250	14.429
5175.740	-1.250	13.989
5175.750	-1.140	13.477
5175.760	-1.140	13.257
5175.770	-1.140	12.744
5175.780	-1.020	12.671
5175.790	-1.020	11.646
5175.800	-1.020	11.206
5175.810	-0.880	11.206
5175.820	-0.880	10.400
5175.830	-0.880	10.107
5175.840	-0.740	9.521
5175.850	-0.740	9.082
5175.860	-0.740	8.350
5175.870	-0.620	8.203
5175.880	-0.620	7.544
5175.890	-0.620	7.324
5175.900	-0.500	6.812
5175.910	-0.500	6.226
5175.920	-0.500	5.859
5175.930	-0.360	5.200
5175.940	-0.360	4.761
5175.950	-0.360	4.395
5175.960	-0.230	3.809
5175.970	-0.230	3.003
5175.980	-0.230	2.490
5175.990	-0.070	2.051
5176.000	-0.070	1.538
5176.010	-0.070	1.099
5176.020	0.040	0.586
5176.030	0.040	0.220
5176.040	0.040	-0.220
5176.050	0.210	-0.732
5176.060	0.210	-1.172
5176.070	0.210	-1.831
5176.080	0.350	-2.271
5176.090	0.350	-2.710
5176.100	0.350	-3.369
5176.110	0.470	-4.175
5176.120	0.470	-4.614
5176.130	0.470	-4.980
5176.140	0.600	-5.640
5176.150	0.600	-6.079
5176.160	0.600	-6.519
5176.170	0.730	-7.104
5176.180	0.730	-7.397
5176.190	0.730	-7.837
5176.200	0.860	-8.350
5176.210	0.860	-8.789
5176.220	0.860	-9.375
5176.230	1.010	-9.814
5176.240	1.010	-10.254
5176.250	1.010	-10.913
5176.260	1.110	-11.279
5176.270	1.110	-11.499
5176.280	1.110	-12.085
5176.290	1.240	-12.891
5176.300	1.240	-13.110
5176.310	1.240	-13.330
5176.320	1.370	-13.989
5176.330	1.370	-14.502
5176.340	1.370	-14.795
5176.350	1.480	-15.161
5176.360	1.480	-15.747
5176.370	1.480	-16.260
5176.380	1.590	-16.479
5176.390	1.590	-16.699
5176.400	1.590	-17.358
5176.410	1.690	-17.871
5176.420	1.690	-18.091
5176.430	1.690	-18.311
5176.440	1.780	-18.823
5176.450	1.780	-19.116
5176.460	1.780	-19.409
5176.470	1.880	-19.775
5176.480	1.880	-20.361
5176.490	1.880	-20.801
5176.500	1.980	-21.021
5176.510	1.980	-21.387
5176.520	1.980	-21.533
5176.530	2.080	-22.412
5176.540	2.080	-22.485
5176.550	2.080	-22.852
5176.560	2.160	-23.218
5176.570	2.160	-23.437
5176.580	2.160	-23.804
5176.590	2.250	-23.950
5176.600	2.250	-24.316
5176.610	2.250	-24.609
5176.620	2.340	-25.415
5176.630	2.340	-25.342
5176.640	2.340	-25.928
5176.650	2.420	-26.001
5176.660	2.420	-26.221
5176.670	2.420	-26.587
5176.680	2.510	-27.173
5176.690	2.510	-27.539
5176.700	2.510	-27.612
5176.710	2.600	-27.905
5176.720	2.600	-28.052
5176.730	2.600	-28.345
5176.740	2.660	-28.638
5176.750	2.660	-29.077
5176.760	2.660	-29.443
5176.770	2.740	-29.736
5176.780	2.740	-29.663
5176.790	2.740	-29.883
5176.800	2.800	-30.469
5176.810	2.800	-30.688
5176.820	2.800	-30.762
5176.830	2.860	-31.274
5176.840	2.860	-31.494
5176.850	2.860	-31.567
5176.860	2.930	-31.787
5176.870	2.930	-32.080
5176.880	2.930	-32.153
5176.890	2.980	-32.666
5176.900	2.980	-32.593
5176.910	2.980	-32.739
5176.920	3.030	-32.959
5176.930	3.030	-32.886
5176.940	3.030	-33.252
5176.950	3.100	-33.545
5176.960	3.100	-33.838
5176.970	3.100	-33.765
5176.980	3.120	-34.424
5176.990	3.120	-34.058
5177.000	3.120	-34.570
5177.010	3.190	-34.570
5177.020	3.190	-34.937
5177.030	3.190	-35.010
5177.040	3.210	-35.010
5177.050	3.210	-35.083
5177.060	3.210	-35.303
5177.070	3.220	-35.522
5177.080	3.220	-35.376
5177.090	3.220	-35.596
5177.100	3.290	-35.742
5177.110	3.290	-35.962
5177.120	3.290	-35.669
5177.130	3.290	-36.255
5177.140	3.290	-36.035
5177.150	3.290	-36.475
5177.160	3.270	-36.182
5177.170	3.270	-36.328
5177.180	3.270	-36.255
5177.190	3.340	-36.694
5177.200	3.340	-36.621
5177.210	3.340	-36.548
5177.220	3.360	-36.768
5177.230	3.360	-36.401
5177.240	3.360	-36.841
5177.250	3.310	-36.621
5177.260	3.310	-36.841
5177.270	3.310	-36.621
5177.280	3.340	-36.914
5177.290	3.340	-36.841
5177.300	3.340	-36.548
5177.310	3.380	-36.987
5177.320	3.380	-36.694
5177.330	3.380	-37.061
5177.340	3.320	-36.914
5177.350	3.320	-36.694
5177.360	3.320	-36.841
5177.370	3.340	-36.987
5177.380	3.340	-36.987
5177.390	3.340	-36.694
5177.400	3.350	-36.914
5177.410	3.350	-36.548
5177.420	3.350	-36.768
5177.430	3.340	-36.768
5177.440	3.340	-36.475
5177.450	3.340	-36.475
5177.460	3.330	-36.475
5177.470	3.330	-36.621
5177.480	3.330	-36.475
5177.490	3.280	-36.475
5177.500	3.280	-36.328
5177.510	3.280	-36.328
5177.520	3.290	-36.328
5177.530	3.290	-36.035
5177.540	3.290	-36.182
5177.550	3.270	-36.035
5177.560	3.270	-36.182
5177.570	3.270	-35.742
5177.580	3.230	-35.962
5177.590	3.230	-35.669
5177.600	3.230	-35.889
5177.610	3.210	-35.522
5177.620	3.210	-35.449
5177.630	3.210	-35.229
5177.640	3.160	-35.376
5177.650	3.160	-35.010
5177.660	3.160	-34.717
5177.670	3.150	-35.010
5177.680	3.150	-34.717
5177.690	3.150	-34.644
5177.700	3.100	-34.204
5177.710	3.100	-34.424
5177.720	3.100	-34.204
5177.730	3.050	-34.204
5177.740	3.050	-33.765
5177.750	3.050	-33.691
5177.760	3.030	-33.691
5177.770	3.030	-33.179
5177.780	3.030	-33.032
5177.790	2.970	-33.032
5177.800	2.970	-32.812
5177.810	2.970	-32.520
5177.820	2.900	-32.520
5177.830	2.900	-32.227
5177.840	2.900	-31.787
5177.850	2.880	-31.787
5177.860	2.880	-31.641
5177.870	2.880	-31.201
5177.880	2.780	-31.201
5177.890	2.780	-31.055
5177.900	2.780	-30.542
5177.910	2.710	-30.542
5177.920	2.710	-30.542
5177.930	2.710	-30.322
5177.940	2.690	-29.883
5177.950	2.690	-30.029
5177.960	2.690	-29.004
5177.970	2.580	-29.004
5177.980	2.580	-29.004
5177.990	2.580	-28.564
5178.000	2.520	-28.564
5178.010	2.520	-28.271
5178.020	2.520	-27.612
5178.030	2.450	-27.612
5178.040	2.450	-27.319
5178.050	2.450	-26.880
5178.060	2.380	-26.880
5178.070	2.380	-26.807
5178.080	2.380	-26.147
5178.090	2.270	-26.147
5178.100	2.270	-25.488
5178.110	2.270	-25.049
5178.120	2.210	-25.049
5178.130	2.210	-24.976
5178.140	2.210	-24.170
5178.150	2.100	-24.170
5178.160	2.100	-23.730
5178.170	2.100	-22.852
5178.180	2.000	-22.852
5178.190	2.000	-22.412
5178.200	2.000	-22.192
5178.210	1.930	-21.680
5178.220	1.930	-21.606
5178.230	1.930	-20.947
5178.240	1.810	-21.167
5178.250	1.810	-20.215
5178.260	1.810	-20.068
5178.270	1.700	-19.629
5178.280	1.700	-19.482
5178.290	1.700	-19.043
5178.300	1.600	-18.677
5178.310	1.600	-18.237
5178.320	1.600	-17.798
5178.330	1.490	-17.358
5178.340	1.490	-16.626
5178.350	1.490	-16.626
5178.360	1.370	-16.187
5178.370	1.370	-15.674
5178.380	1.370	-15.234
5178.390	1.270	-15.015
5178.400	1.270	-14.282
5178.410	1.270	-13.989
5178.420	1.160	-13.477
5178.430	1.160	-13.403
5178.440	1.160	-12.451
5178.450	1.050	-12.451
5178.460	1.050	-11.865
5178.470	1.050	-11.646
5178.480	0.920	-11.279
5178.490	0.920	-10.400
5178.500	0.920	-10.400
5178.510	0.810	-9.888
5178.520	0.810	-9.448
5178.530	0.810	-9.082
5178.540	0.720	-8.789
5178.550	0.720	-8.130
5178.560	0.720	-7.910
5178.570	0.620	-7.397
5178.580	0.620	-6.958
5178.590	0.620	-6.812
5178.600	0.510	-6.299
5178.610	0.510	-6.079
5178.620	0.510	-5.786
5178.630	0.390	-5.127
5178.640	0.390	-4.687
5178.650	0.390	-4.395
5178.660	0.280	-3.882
5178.670	0.280	-3.369
5178.680	0.280	-3.003
5178.690	0.160	-2.637
5178.700	0.160	-2.197
5178.710	0.160	-1.685
5178.720	0.070	-1.245
5178.730	0.070	-0.952
5178.740	0.070	-0.659
5178.750	-0.030	-0.366
5178.760	-0.030	-0.073
5178.770	-0.030	0.293
5178.780	-0.140	0.513
5178.790	-0.140	0.879
5178.800	-0.140	1.172
5178.810	-0.260	1.685
5178.820	-0.260	2.271
5178.830	-0.260	2.710
5178.840	-0.350	3.003
5178.850	-0.350	3.369
5178.860	-0.350	3.882
5178.870	-0.470	4.321
5178.880	-0.470	4.614
5178.890	-0.470	5.493
5178.900	-0.540	5.493
5178.910	-0.540	5.859
5178.920	-0.540	6.445
5178.930	-0.630	6.445
5178.940	-0.630	6.738
5178.950	-0.630	7.397
5178.960	-0.730	7.397
5178.970	-0.730	7.617
5178.980	-0.730	8.130
5178.990	-0.810	8.643
5179.000	-0.810	8.569
5179.010	-0.810	9.082
5179.020	-0.900	9.375
5179.030	-0.900	9.668
5179.040	-0.900	9.814
5179.050	-1.000	10.547
5179.060	-1.000	10.474
5179.070	-1.000	10.913
5179.080	-1.030	11.060
5179.090	-1.030	11.572
5179.100	-1.030	11.938
5179.110	-1.150	11.938
5179.120	-1.150	12.085
5179.130	-1.150	12.451
5179.140	-1.190	13.110
5179.150	-1.190	12.817
5179.160	-1.190	13.550
5179.170	-1.280	13.843
5179.180	-1.280	13.916
5179.190	-1.280	14.136
5179.200	-1.380	14.575
5179.210	-1.380	14.575
5179.220	-1.380	15.234
5179.230	-1.420	15.527
5179.240	-1.420	15.308
5179.250	-1.420	16.113
5179.260	-1.500	16.113
5179.270	-1.500	16.040
5179.280	-1.500	16.699
5179.290	-1.560	16.699
5179.300	-1.560	16.992
5179.310	-1.560	17.505
5179.320	-1.600	17.358
5179.330	-1.600	17.578
5179.340	-1.600	18.091
5179.350	-1.680	18.237
5179.360	-1.680	18.384
5179.370	-1.680	18.530
5179.380	-1.730	18.896
5179.390	-1.730	18.970
5179.400	-1.730	19.189
5179.410	-1.780	19.409
5179.420	-1.780	19.775
5179.430	-1.780	19.849
5179.440	-1.840	19.922
5179.450	-1.840	19.995
5179.460	-1.840	20.068
5179.470	-1.870	20.728
5179.480	-1.870	20.508
5179.490	-1.870	20.947
5179.500	-1.910	21.021
5179.510	-1.910	21.167
5179.520	-1.910	21.313
5179.530	-1.960	21.460
5179.540	-1.960	21.753
5179.550	-1.960	21.680
5179.560	-2.000	22.192
5179.570	-2.000	21.899
5179.580	-2.000	22.266
5179.590	-2.020	22.046
5179.600	-2.020	22.339
5179.610	-2.020	22.192
5179.620	-2.060	22.559
5179.630	-2.060	22.339
5179.640	-2.060	22.632
5179.650	-2.080	22.705
5179.660	-2.080	22.632
5179.670	-2.080	22.778
5179.680	-2.090	23.071
5179.690	-2.090	23.145
5179.700	-2.090	23.145
5179.710	-2.120	23.291
5179.720	-2.120	23.364
5179.730	-2.120	23.437
5179.740	-2.140	23.511
5179.750	-2.140	23.584
5179.760	-2.140	23.804
5179.770	-2.140	23.877
5179.780	-2.140	23.804
5179.790	-2.140	23.877
5179.800	-2.150	24.023
5179.810	-2.150	23.877
5179.820	-2.150	23.804
5179.830	-2.150	24.023
5179.840	-2.150	24.023
5179.850	-2.150	24.023
5179.860	-2.140	23.877
5179.870	-2.140	23.804
5179.880	-2.140	23.804
5179.890	-2.130	23.950
5179.900	-2.130	23.657
5179.910	-2.130	23.950
5179.920	-2.140	23.877
5179.930	-2.140	23.804
5179.940	-2.140	23.584
5179.950	-2.140	23.804
5179.960	-2.140	23.657
5179.970	-2.140	23.730
5179.980	-2.120	23.584
5179.990	-2.120	23.511
5180.000	-2.120	23.511
5180.010	-2.100	23.437
5180.020	-2.100	23.218
5180.030	-2.100	23.145
5180.040	-2.080	23.291
5180.050	-2.080	22.852
5180.060	-2.080	22.852
5180.070	-2.040	22.705
5180.080	-2.040	22.632
5180.090	-2.040	22.412
5180.100	-2.010	22.485
5180.110	-2.010	22.266
5180.120	-2.010	22.339
5180.130	-1.920	22.266
5180.140	-1.920	21.973
5180.150	-1.920	22.119
5180.160	-1.940	21.973
5180.170	-1.940	21.973
5180.180	-1.940	21.680
5180.190	-1.900	21.753
5180.200	-1.900	21.094
5180.210	-1.900	21.240
5180.220	-1.860	20.874
5180.230	-1.860	20.874
5180.240	-1.860	20.728
5180.250	-1.820	20.654
5180.260	-1.820	20.435
5180.270	-1.820	19.922
5180.280	-1.770	19.995
5180.290	-1.770	19.702
5180.300	-1.770	19.922
5180.310	-1.720	19.629
5180.320	-1.720	19.189
5180.330	-1.720	18.750
5180.340	-1.660	18.750
5180.350	-1.660	18.530
5180.360	-1.660	18.384
5180.370	-1.600	18.384
5180.380	-1.600	18.091
5180.390	-1.600	17.944
5180.400	-1.540	17.358
5180.410	-1.540	17.285
5180.420	-1.540	17.432
5180.430	-1.470	16.846
5180.440	-1.470	16.406
5180.450	-1.470	15.820
5180.460	-1.390	15.820
5180.470	-1.390	15.894
5180.480	-1.390	15.088
5180.490	-1.330	15.088
5180.500	-1.330	15.234
5180.510	-1.330	14.429
5180.520	-1.250	14.429
5180.530	-1.250	14.209
5180.540	-1.250	14.062
5180.550	-1.180	13.770
5180.560	-1.180	13.550
5180.570	-1.180	12.744
5180.580	-1.100	12.744
5180.590	-1.100	12.671
5180.600	-1.100	12.158
5180.610	-1.000	11.719
5180.620	-1.000	11.572
5180.630	-1.000	10.986
5180.640	-0.900	10.986
5180.650	-0.900	10.400
5180.660	-0.900	10.034
5180.670	-0.820	10.034
5180.680	-0.820	9.521
5180.690	-0.820	8.936
5180.700	-0.740	8.936
5180.710	-0.740	8.643
5180.720	-0.740	7.837
5180.730	-0.630	7.837
5180.740	-0.630	7.397
5180.750	-0.630	6.885
5180.760	-0.500	6.885
5180.770	-0.500	6.299
5180.780	-0.500	5.713
5180.790	-0.400	5.713
5180.800	-0.400	5.127
5180.810	-0.400	4.761
5180.820	-0.320	4.468
5180.830	-0.320	3.882
5180.840	-0.320	3.442
5180.850	-0.210	3.003
5180.860	-0.210	2.710
5180.870	-0.210	2.344
5180.880	-0.080	1.904
5180.890	-0.080	1.538
5180.900	-0.080	1.245
5180.910	0.000	0.879
5180.920	0.000	0.513
5180.930	0.000	0.146
5180.940	0.110	-0.220
5180.950	0.110	-0.513
5180.960	0.110	-0.879
5180.970	0.230	-1.245
5180.980	0.230	-1.611
5180.990	0.230	-2.051
5181.000	0.340	-2.563
5181.010	0.340	-2.930
5181.020	0.340	-3.223
5181.030	0.450	-3.662
5181.040	0.450	-4.321
5181.050	0.450	-4.761
5181.060	0.550	-5.054
5181.070	0.550	-5.566
5181.080	0.550	-6.152
5181.090	0.670	-6.445
5181.100	0.670	-6.885
5181.110	0.670	-7.178
5181.120	0.790	-7.544
5181.130	0.790	-8.057
5181.140	0.790	-8.130
5181.150	0.890	-8.862
5181.160	0.890	-9.229
5181.170	0.890	-9.668
5181.180	1.010	-9.888
5181.190	1.010	-10.547
5181.200	1.010	-10.547
5181.210	1.110	-11.206
5181.220	1.110	-11.572
5181.230	1.110	-12.085
5181.240	1.220	-12.451
5181.250	1.220	-12.524
5181.260	1.220	-13.403
5181.270	1.330	-13.550
5181.280	1.330	-14.062
5181.290	1.330	-14.502
5181.300	1.440	-14.868
5181.310	1.440	-15.747
5181.320	1.440	-15.747
5181.330	1.530	-15.820
5181.340	1.530	-16.333
5181.350	1.530	-16.626
5181.360	1.620	-16.772
5181.370	1.620	-17.432
5181.380	1.620	-17.505
5181.390	1.700	-17.725
5181.400	1.700	-18.164
5181.410	1.700	-18.530
5181.420	1.780	-18.896
5181.430	1.780	-19.189
5181.440	1.780	-19.702
5181.450	1.870	-19.922
5181.460	1.870	-20.215
5181.470	1.870	-20.142
5181.480	1.960	-20.947
5181.490	1.960	-20.947
5181.500	1.960	-21.533
5181.510	2.060	-21.753
5181.520	2.060	-21.973
5181.530	2.060	-22.266
5181.540	2.130	-22.559
5181.550	2.130	-22.852
5181.560	2.130	-23.364
5181.570	2.220	-23.950
5181.580	2.220	-24.023
5181.590	2.220	-24.390
5181.600	2.300	-24.683
5181.610	2.300	-24.976
5181.620	2.300	-25.122
5181.630	2.390	-25.635
5181.640	2.390	-25.708
5181.650	2.390	-26.440
5181.660	2.460	-26.367
5181.670	2.460	-26.733
5181.680	2.460	-26.807
5181.690	2.560	-27.319
5181.700	2.560	-27.686
5181.710	2.560	-27.905
5181.720	2.620	-28.271
5181.730	2.620	-28.638
5181.740	2.620	-28.931
5181.750	2.700	-28.931
5181.760	2.700	-29.370
5181.770	2.700	-29.663
5181.780	2.780	-30.176
5181.790	2.780	-30.322
5181.800	2.780	-30.469
5181.810	2.850	-30.835
5181.820	2.850	-31.201
5181.830	2.850	-31.201
5181.840	2.920	-31.494
5181.850	2.920	-32.080
5181.860	2.920	-32.080
5181.870	3.010	-32.300
5181.880	3.010	-32.666
5181.890	3.010	-32.812
5181.900	3.060	-33.252
5181.910	3.060	-33.398
5181.920	3.060	-33.838
5181.930	3.140	-34.058
5181.940	3.140	-34.351
5181.950	3.140	-34.131
5181.960	3.180	-35.010
5181.970	3.180	-35.083
5181.980	3.180	-35.083
5181.990	3.240	-35.522
5182.000	3.240	-35.522
5182.010	3.240	-36.182
5182.020	3.330	-36.035
5182.030	3.330	-36.328
5182.040	3.330	-36.475
5182.050	3.350	-36.987
5182.060	3.350	-36.987
5182.070	3.350	-36.987
5182.080	3.420	-37.573
5182.090	3.420	-37.720
5182.100	3.420	-37.720
5182.110	3.480	-37.866
5182.120	3.480	-38.159
5182.130	3.480	-38.159
5182.140	3.490	-38.599
5182.150	3.490	-38.452
5182.160	3.490	-38.452
5182.170	3.540	-39.258
5182.180	3.540	-39.258
5182.190	3.540	-39.111
5182.200	3.590	-39.404
5182.210	3.590	-39.404
5182.220	3.590	-39.258
5182.230	3.610	-39.917
5182.240	3.610	-39.917
5182.250	3.610	-40.283
5182.260	3.650	-40.283
5182.270	3.650	-39.917
5182.280	3.650	-39.990
5182.290	3.640	-40.430
5182.300	3.640	-40.430
5182.310	3.640	-40.503
5182.320	3.670	-41.089
5182.330	3.670	-40.723
5182.340	3.670	-40.503
5182.350	3.710	-40.576
5182.360	3.710	-40.649
5182.370	3.710	-40.869
5182.380	3.710	-40.869
5182.390	3.710	-40.869
5182.400	3.710	-41.089
5182.410	3.690	-40.869
5182.420	3.690	-40.430
5182.430	3.690	-40.649
5182.440	3.680	-41.089
5182.450	3.680	-40.723
5182.460	3.680	-40.796
5182.470	3.690	-40.942
5182.480	3.690	-40.869
5182.490	3.690	-40.503
5182.500	3.670	-40.503
5182.510	3.670	-40.503
5182.520	3.670	-40.356
5182.530	3.650	-40.356
5182.540	3.650	-40.210
5182.550	3.650	-39.990
5182.560	3.600	-39.990
5182.570	3.600	-39.697
5182.580	3.600	-39.624
5182.590	3.570	-39.624
5182.600	3.570	-39.697
5182.610	3.570	-39.185
5182.620	3.550	-39.185
5182.630	3.550	-39.258
5182.640	3.550	-38.818
5182.650	3.510	-38.892
5182.660	3.510	-38.965
5182.670	3.510	-38.599
5182.680	3.440	-38.599
5182.690	3.440	-38.379
5182.700	3.440	-37.939
5182.710	3.380	-38.013
5182.720	3.380	-37.793
5182.730	3.380	-37.427
5182.740	3.340	-37.207
5182.750	3.340	-37.061
5182.760	3.340	-36.621
5182.770	3.290	-36.621
5182.780	3.290	-36.035
5182.790	3.290	-36.108
5182.800	3.180	-36.035
5182.810	3.180	-35.449
5182.820	3.180	-35.229
5182.830	3.130	-35.229
5182.840	3.130	-34.863
5182.850	3.130	-34.497
5182.860	3.100	-34.351
5182.870	3.100	-33.911
5182.880	3.100	-33.838
5182.890	2.940	-33.398
5182.900	2.940	-33.105
5182.910	2.940	-32.666
5182.920	2.860	-32.666
5182.930	2.860	-32.153
5182.940	2.860	-31.934
5182.950	2.850	-31.494
5182.960	2.850	-30.981
5182.970	2.850	-30.908
5182.980	2.670	-30.762
5182.990	2.670	-30.176
5183.000	2.670	-29.517
5183.010	2.630	-29.736
5183.020	2.630	-29.297
5183.030	2.630	-28.784
5183.040	2.540	-28.491
5183.050	2.540	-28.125
5183.060	2.540	-27.832
5183.070	2.400	-27.393
5183.080	2.400	-26.807
5183.090	2.400	-26.660
5183.100	2.330	-26.660
5183.110	2.330	-25.781
5183.120	2.330	-25.635
5183.130	2.220	-25.122
5183.140	2.220	-24.829
5183.150	2.220	-24.243
5183.160	2.090	-24.316
5183.170	2.090	-23.584
5183.180	2.090	-23.218
5183.190	2.010	-22.778
5183.200	2.010	-22.192
5183.210	2.010	-22.119
5183.220	1.880	-21.533
5183.230	1.880	-21.313
5183.240	1.880	-20.581
5183.250	1.750	-20.435
5183.260	1.750	-19.775
5183.270	1.750	-19.556
5183.280	1.640	-19.116
5183.290	1.640	-18.604
5183.300	1.640	-18.164
5183.310	1.530	-17.651
5183.320	1.530	-17.065
5183.330	1.530	-16.699
5183.340	1.400	-16.553
5183.350	1.400	-15.967
5183.360	1.400	-15.381
5183.370	1.280	-14.941
5183.380	1.280	-14.648
5183.390	1.280	-14.136
5183.400	1.160	-13.843
5183.410	1.160	-13.110
5183.420	1.160	-12.964
5183.430	1.030	-12.231
5183.440	1.030	-11.572
5183.450	1.030	-11.353
5183.460	0.900	-10.840
5183.470	0.900	-10.693
5183.480	0.900	-9.961
5183.490	0.790	-9.448
5183.500	0.790	-8.643
5183.510	0.790	-8.643
5183.520	0.650	-7.983
5183.530	0.650	-7.544
5183.540	0.650	-7.397
5183.550	0.530	-6.885
5183.560	0.530	-6.445
5183.570	0.530	-5.640
5183.580	0.430	-5.200
5183.590	0.430	-5.054
5183.600	0.430	-4.614
5183.610	0.320	-4.248
5183.620	0.320	-3.882
5183.630	0.320	-3.662
5183.640	0.200	-3.076
5183.650	0.200	-2.563
5183.660	0.200	-2.271
5183.670	0.120	-2.051
5183.680	0.120	-1.758
5183.690	0.120	-1.392
5183.700	0.010	-0.952
5183.710	0.010	-0.513
5183.720	0.010	-0.073
5183.730	-0.110	0.366
5183.740	-0.110	0.806
5183.750	-0.110	1.172
5183.760	-0.220	1.611
5183.770	-0.220	1.978
5183.780	-0.220	2.271
5183.790	-0.320	2.637
5183.800	-0.320	3.003
5183.810	-0.320	3.516
5183.820	-0.420	3.809
5183.830	-0.420	4.102
5183.840	-0.420	4.395
5183.850	-0.500	4.907
5183.860	-0.500	5.054
5183.870	-0.500	5.347
5183.880	-0.600	6.006
5183.890	-0.600	6.445
5183.900	-0.600	6.665
5183.910	-0.690	7.104
5183.920	-0.690	7.324
5183.930	-0.690	7.764
5183.940	-0.810	8.203
5183.950	-0.810	8.276
5183.960	-0.810	8.936
5183.970	-0.900	9.229
5183.980	-0.900	9.595
5183.990	-0.900	9.814
5184.000	-1.010	10.400
5184.010	-1.010	10.327
5184.020	-1.010	11.060
5184.030	-1.070	11.353
5184.040	-1.070	11.646
5184.050	-1.070	11.938
5184.060	-1.190	12.378
5184.070	-1.190	12.964
5184.080	-1.190	12.817
5184.090	-1.250	13.477
5184.100	-1.250	13.623
5184.110	-1.250	13.989
5184.120	-1.360	14.355
5184.130	-1.360	14.722
5184.140	-1.360	14.722
5184.150	-1.450	15.381
5184.160	-1.450	15.527
5184.170	-1.450	16.333
5184.180	-1.520	16.333
5184.190	-1.520	16.479
5184.200	-1.520	17.285
5184.210	-1.620	17.285
5184.220	-1.620	17.139
5184.230	-1.620	18.237
5184.240	-1.690	18.237
5184.250	-1.690	18.384
5184.260	-1.690	18.970
5184.270	-1.770	18.970
5184.280	-1.770	19.189
5184.290	-1.770	19.775
5184.300	-1.860	19.775
5184.310	-1.860	20.068
5184.320	-1.860	20.654
5184.330	-1.920	20.801
5184.340	-1.920	21.021
5184.350	-1.920	21.240
5184.360	-2.020	21.533
5184.370	-2.020	22.046
5184.380	-2.020	22.192
5184.390	-2.080	22.632
5184.400	-2.080	22.705
5184.410	-2.080	22.998
5184.420	-2.120	23.218
5184.430	-2.120	23.291
5184.440	-2.120	23.657
5184.450	-2.220	23.877
5184.460	-2.220	24.023
5184.470	-2.220	24.243
5184.480	-2.280	24.536
5184.490	-2.280	24.609
5184.500	-2.280	25.049
5184.510	-2.340	25.342
5184.520	-2.340	25.488
5184.530	-2.340	25.781
5184.540	-2.400	25.781
5184.550	-2.400	26.074
5184.560	-2.400	26.660
5184.570	-2.410	26.660
5184.580	-2.410	26.807
5184.590	-2.410	27.026
5184.600	-2.480	27.026
5184.610	-2.480	27.100
5184.620	-2.480	27.686
5184.630	-2.550	27.686
5184.640	-2.550	27.905
5184.650	-2.550	28.198
5184.660	-2.580	28.198
5184.670	-2.580	28.418
5184.680	-2.580	28.564
5184.690	-2.610	28.564
5184.700	-2.610	28.931
5184.710	-2.610	29.224
5184.720	-2.650	29.077
5184.730	-2.650	29.150
5184.740	-2.650	29.297
5184.750	-2.690	29.590
5184.760	-2.690	29.810
5184.770	-2.690	29.443
5184.780	-2.710	29.810
5184.790	-2.710	29.956
5184.800	-2.710	29.736
5184.810	-2.740	30.176
5184.820	-2.740	30.176
5184.830	-2.740	30.176
5184.840	-2.760	30.396
5184.850	-2.760	30.322
5184.860	-2.760	30.322
5184.870	-2.780	30.835
5184.880	-2.780	30.542
5184.890	-2.780	30.615
5184.900	-2.790	30.908
5184.910	-2.790	30.469
5184.920	-2.790	30.615
5184.930	-2.780	30.908
5184.940	-2.780	30.688
5184.950	-2.780	30.688
5184.960	-2.770	30.835
5184.970	-2.770	30.396
5184.980	-2.770	30.615
5184.990	-2.770	30.762
5185.000	-2.770	30.469
5185.010	-2.770	30.762
5185.020	-2.750	30.762
5185.030	-2.750	30.396
5185.040	-2.750	30.688
5185.050	-2.730	30.688
5185.060	-2.730	30.396
5185.070	-2.730	30.469
5185.080	-2.710	30.469
5185.090	-2.710	30.249
5185.100	-2.710	29.956
5185.110	-2.690	29.956
5185.120	-2.690	30.029
5185.130	-2.690	29.590
5185.140	-2.660	29.590
5185.150	-2.660	29.736
5185.160	-2.660	29.443
5185.170	-2.620	29.443
5185.180	-2.620	29.224
5185.190	-2.620	29.150
5185.200	-2.590	29.150
5185.210	-2.590	29.150
5185.220	-2.590	28.564
5185.230	-2.540	28.564
5185.240	-2.540	28.418
5185.250	-2.540	28.125
5185.260	-2.490	28.125
5185.270	-2.490	27.979
5185.280	-2.490	27.466
5185.290	-2.430	27.466
5185.300	-2.430	27.246
5185.310	-2.430	26.807
5185.320	-2.370	27.026
5185.330	-2.370	26.733
5185.340	-2.370	26.660
5185.350	-2.300	26.147
5185.360	-2.300	25.928
5185.370	-2.300	25.781
5185.380	-2.230	25.488
5185.390	-2.230	25.415
5185.400	-2.230	24.976
5185.410	-2.150	24.829
5185.420	-2.150	24.243
5185.430	-2.150	24.097
5185.440	-2.060	23.804
5185.450	-2.060	23.364
5185.460	-2.060	23.145
5185.470	-1.980	22.778
5185.480	-1.980	22.559
5185.490	-1.980	21.899
5185.500	-1.880	21.826
5185.510	-1.880	21.313
5185.520	-1.880	21.167
5185.530	-1.790	20.874
5185.540	-1.790	20.288
5185.550	-1.790	19.995
5185.560	-1.700	19.556
5185.570	-1.700	19.409
5185.580	-1.700	19.043
5185.590	-1.590	18.750
5185.600	-1.590	18.237
5185.610	-1.590	18.091
5185.620	-1.500	17.358
5185.630	-1.500	16.992
5185.640	-1.500	16.846
5185.650	-1.380	16.187
5185.660	-1.380	16.040
5185.670	-1.380	15.454
5185.680	-1.260	14.868
5185.690	-1.260	14.795
5185.700	-1.260	14.209
5185.710	-1.140	13.916
5185.720	-1.140	13.403
5185.730	-1.140	12.891
5185.740	-1.020	12.378
5185.750	-1.020	12.158
5185.760	-1.020	11.572
5185.770	-0.890	10.913
5185.780	-0.890	10.767
5185.790	-0.890	10.181
5185.800	-0.780	9.741
5185.810	-0.780	9.229
5185.820	-0.780	8.936
5185.830	-0.670	8.203
5185.840	-0.670	7.690
5185.850	-0.670	7.471
5185.860	-0.490	6.958
5185.870	-0.490	6.665
5185.880	-0.490	5.933
5185.890	-0.390	5.420
5185.900	-0.390	4.980
5185.910	-0.390	4.395
5185.920	-0.230	4.102
5185.930	-0.230	3.735
5185.940	-0.230	3.296
5185.950	-0.110	2.637
5185.960	-0.110	2.124
5185.970	-0.110	1.685
5185.980	0.000	1.245
5185.990	0.000	0.806
5186.000	0.000	0.220
5186.010	0.150	-0.366
5186.020	0.150	-0.952
5186.030	0.150	-1.318
5186.040	0.280	-1.758
5186.050	0.280	-2.197
5186.060	0.280	-2.856
5186.070	0.400	-3.516
5186.080	0.400	-3.809
5186.090	0.400	-4.175
5186.100	0.540	-4.687
5186.110	0.540	-5.127
5186.120	0.540	-5.640
5186.130	0.710	-6.445
5186.140	0.710	-6.812
5186.150	0.710	-7.251
5186.160	0.810	-7.764
5186.170	0.810	-8.057
5186.180	0.810	-8.936
5186.190	0.950	-9.302
5186.200	0.950	-9.741
5186.210	0.950	-10.181
5186.220	1.080	-10.913
5186.230	1.080	-10.913
5186.240	1.080	-11.646
5186.250	1.190	-12.378
5186.260	1.190	-12.378
5186.270	1.190	-13.037
5186.280	1.320	-13.330
5186.290	1.320	-13.916
5186.300	1.320	-14.355
5186.310	1.480	-14.868
5186.320	1.480	-14.795
5186.330	1.480	-15.454
5186.340	1.520	-16.040
5186.350	1.520	-15.967
5186.360	1.520	-16.626
5186.370	1.620	-16.992
5186.380	1.620	-17.212
5186.390	1.620	-17.944
5186.400	1.720	-18.091
5186.410	1.720	-18.384
5186.420	1.720	-18.823
5186.430	1.830	-19.189
5186.440	1.830	-19.409
5186.450	1.830	-20.068
5186.460	1.930	-20.581
5186.470	1.930	-20.728
5186.480	1.930	-21.313
5186.490	2.020	-21.313
5186.500	2.020	-21.899
5186.510	2.020	-22.119
5186.520	2.110	-22.852
5186.530	2.110	-23.071
5186.540	2.110	-23.291
5186.550	2.220	-23.584
5186.560	2.220	-23.804
5186.570	2.220	-24.170
5186.580	2.310	-24.390
5186.590	2.310	-25.049
5186.600	2.310	-25.269
5186.610	2.390	-25.854
5186.620	2.390	-25.781
5186.630	2.390	-26.294
5186.640	2.500	-26.733
5186.650	2.500	-27.026
5186.660	2.500	-27.466
5186.670	2.550	-27.759
5186.680	2.550	-27.905
5186.690	2.550	-28.345
5186.700	2.650	-28.564
5186.710	2.650	-28.711
5186.720	2.650	-29.443
5186.730	2.720	-29.443
5186.740	2.720	-29.590
5186.750	2.720	-30.176
5186.760	2.810	-30.176
5186.770	2.810	-30.542
5186.780	2.810	-30.908
5186.790	2.870	-30.908
5186.800	2.870	-31.201
5186.810	2.870	-31.860
5186.820	2.950	-31.860
5186.830	2.950	-31.934
5186.840	2.950	-32.593
5186.850	2.990	-32.593
5186.860	2.990	-33.032
5186.870	2.990	-33.472
5186.880	3.070	-33.472
5186.890	3.070	-33.398
5186.900	3.070	-33.765
5186.910	3.110	-33.765
5186.920	3.110	-34.277
5186.930	3.110	-34.277
5186.940	3.180	-34.277
5186.950	3.180	-34.790
5186.960	3.180	-34.863
5186.970	3.210	-34.863
5186.980	3.210	-35.010
5186.990	3.210	-35.596
5187.000	3.260	-35.596
5187.010	3.260	-35.522
5187.020	3.260	-35.889
5187.030	3.290	-35.889
5187.040	3.290	-36.255
5187.050	3.290	-36.255
5187.060	3.330	-36.255
5187.070	3.330	-36.768
5187.080	3.330	-36.987
5187.090	3.360	-36.987
5187.100	3.360	-36.694
5187.110	3.360	-37.207
5187.120	3.380	-37.207
5187.130	3.380	-37.207
5187.140	3.380	-37.280
5187.150	3.410	-37.280
5187.160	3.410	-37.500
5187.170	3.410	-37.500
5187.180	3.470	-37.793
5187.190	3.470	-37.646
5187.200	3.470	-38.013
5187.210	3.420	-38.013
5187.220	3.420	-37.866
5187.230	3.420	-38.086
5187.240	3.430	-38.086
5187.250	3.430	-38.306
5187.260	3.430	-38.086
5187.270	3.480	-38.159
5187.280	3.480	-38.159
5187.290	3.480	-38.013
5187.300	3.460	-38.159
5187.310	3.460	-38.086
5187.320	3.460	-38.013
5187.330	3.450	-38.232
5187.340	3.450	-37.866
5187.350	3.450	-37.866
5187.360	3.460	-38.306
5187.370	3.460	-37.866
5187.380	3.460	-38.013
5187.390	3.440	-38.086
5187.400	3.440	-37.720
5187.410	3.440	-38.013
5187.420	3.440	-38.013
5187.430	3.440	-37.793
5187.440	3.440	-37.866
5187.450	3.440	-37.793
5187.460	3.440	-37.646
5187.470	3.440	-37.646
5187.480	3.400	-37.646
5187.490	3.400	-37.500
5187.500	3.400	-37.573
5187.510	3.380	-37.500
5187.520	3.380	-37.207
5187.530	3.380	-37.280
5187.540	3.350	-37.280
5187.550	3.350	-37.207
5187.560	3.350	-36.841
5187.570	3.330	-37.061
5187.580	3.330	-36.768
5187.590	3.330	-36.621
5187.600	3.310	-36.768
5187.610	3.310	-36.255
5187.620	3.310	-36.475
5187.630	3.270	-36.182
5187.640	3.270	-36.328
5187.650	3.270	-35.815
5187.660	3.240	-35.962
5187.670	3.240	-35.596
5187.680	3.240	-35.742
5187.690	3.190	-35.669
5187.700	3.190	-35.156
5187.710	3.190	-35.156
5187.720	3.130	-35.376
5187.730	3.130	-34.863
5187.740	3.130	-34.644
5187.750	3.120	-34.717
5187.760	3.120	-34.570
5187.770	3.120	-34.497
5187.780	3.070	-33.838
5187.790	3.070	-34.058
5187.800	3.070	-33.398
5187.810	2.990	-33.398
5187.820	2.990	-33.032
5187.830	2.990	-32.739
5187.840	2.920	-32.739
5187.850	2.920	-32.666
5187.860	2.920	-32.153
5187.870	2.880	-32.153
5187.880	2.880	-32.227
5187.890	2.880	-31.641
5187.900	2.840	-31.641
5187.910	2.840	-31.641
5187.920	2.840	-30.908
5187.930	2.740	-30.908
5187.940	2.740	-30.981
5187.950	2.740	-30.396
5187.960	2.680	-30.322
5187.970	2.680	-30.176
5187.980	2.680	-29.663
5187.990	2.620	-29.736
5188.000	2.620	-29.224
5188.010	2.620	-28.784
5188.020	2.530	-28.931
5188.030	2.530	-28.564
5188.040	2.530	-28.198
5188.050	2.460	-28.052
5188.060	2.460	-27.686
5188.070	2.460	-27.026
5188.080	2.370	-27.026
5188.090	2.370	-26.514
5188.100	2.370	-26.367
5188.110	2.320	-26.367
5188.120	2.320	-25.488
5188.130	2.320	-25.488
5188.140	2.190	-24.829
5188.150	2.190	-24.756
5188.160	2.190	-24.316
5188.170	2.120	-24.316
5188.180	2.120	-23.584
5188.190	2.120	-23.291
5188.200	2.010	-23.145
5188.210	2.010	-22.485
5188.220	2.010	-22.485
5188.230	1.910	-22.046
5188.240	1.910	-21.973
5188.250	1.910	-21.167
5188.260	1.830	-21.021
5188.270	1.830	-20.361
5188.280	1.830	-20.288
5188.290	1.710	-20.142
5188.300	1.710	-19.263
5188.310	1.710	-18.970
5188.320	1.600	-18.677
5188.330	1.600	-18.091
5188.340	1.600	-17.505
5188.350	1.490	-17.505
5188.360	1.490	-16.919
5188.370	1.490	-16.553
5188.380	1.370	-16.333
5188.390	1.370	-15.381
5188.400	1.370	-15.381
5188.410	1.250	-15.088
5188.420	1.250	-14.282
5188.430	1.250	-14.062
5188.440	1.150	-13.623
5188.450	1.150	-13.257
5188.460	1.150	-12.744
5188.470	1.040	-12.305
5188.480	1.040	-11.719
5188.490	1.040	-11.499
5188.500	0.920	-11.279
5188.510	0.920	-10.474
5188.520	0.920	-10.181
5188.530	0.800	-9.814
5188.540	0.800	-9.302
5188.550	0.800	-8.716
5188.560	0.670	-8.716
5188.570	0.670	-8.203
5188.580	0.670	-7.617
5188.590	0.570	-7.178
5188.600	0.570	-6.665
5188.610	0.570	-6.445
5188.620	0.480	-6.006
5188.630	0.480	-5.566
5188.640	0.480	-5.273
5188.650	0.380	-5.054
5188.660	0.380	-4.541
5188.670	0.380	-4.395
5188.680	0.280	-4.028
5188.690	0.280	-3.735
5188.700	0.280	-3.149
5188.710	0.170	-2.783
5188.720	0.170	-2.490
5188.730	0.170	-2.051
5188.740	0.060	-1.685
5188.750	0.060	-1.172
5188.760	0.060	-0.732
5188.770	-0.050	-0.293
5188.780	-0.050	-0.073
5188.790	-0.050	0.293
5188.800	-0.140	0.659
5188.810	-0.140	1.099
5188.820	-0.140	1.611
5188.830	-0.240	2.051
5188.840	-0.240	2.417
5188.850	-0.240	2.783
5188.860	-0.350	3.149
5188.870	-0.350	3.589
5188.880	-0.350	4.028
5188.890	-0.430	4.248
5188.900	-0.430	4.395
5188.910	-0.430	4.761
5188.920	-0.520	5.127
5188.930	-0.520	5.273
5188.940	-0.520	5.640
5188.950	-0.610	6.152
5188.960	-0.610	6.299
5188.970	-0.610	6.445
5188.980	-0.680	7.104
5188.990	-0.680	7.471
5189.000	-0.680	8.057
5189.010	-0.790	8.130
5189.020	-0.790	8.057
5189.030	-0.790	8.716
5189.040	-0.850	8.936
5189.050	-0.850	9.229
5189.060	-0.850	9.521
5189.070	-0.940	10.107
5189.080	-0.940	10.034
5189.090	-0.940	10.547
5189.100	-1.020	10.474
5189.110	-1.020	10.986
5189.120	-1.020	11.426
5189.130	-1.090	11.646
5189.140	-1.090	11.719
5189.150	-1.090	12.158
5189.160	-1.180	12.671
5189.170	-1.180	12.524
5189.180	-1.180	12.964
5189.190	-1.210	13.110
5189.200	-1.210	13.550
5189.210	-1.210	13.550
5189.220	-1.320	14.136
5189.230	-1.320	14.282
5189.240	-1.320	14.648
5189.250	-1.400	14.722
5189.260	-1.400	14.941
5189.270	-1.400	15.381
5189.280	-1.430	15.527
5189.290	-1.430	15.674
5189.300	-1.430	16.113
5189.310	-1.520	16.553
5189.320	-1.520	16.333
5189.330	-1.520	16.699
5189.340	-1.570	17.139
5189.350	-1.570	17.065
5189.360	-1.570	17.358
5189.370	-1.610	17.578
5189.380	-1.610	17.871
5189.390	-1.610	18.237
5189.400	-1.680	18.091
5189.410	-1.680	18.237
5189.420	-1.680	18.530
5189.430	-1.730	18.823
5189.440	-1.730	19.263
5189.450	-1.730	19.336
5189.460	-1.770	19.336
5189.470	-1.770	19.556
5189.480	-1.770	19.482
5189.490	-1.820	19.482
5189.500	-1.820	19.995
5189.510	-1.820	20.508
5189.520	-1.830	20.508
5189.530	-1.830	20.435
5189.540	-1.830	20.728
5189.550	-1.870	20.728
5189.560	-1.870	20.654
5189.570	-1.870	20.947
5189.580	-1.930	20.947
5189.590	-1.930	21.387
5189.600	-1.930	21.533
5189.610	-1.950	21.533
5189.620	-1.950	21.460
5189.630	-1.950	21.606
5189.640	-1.960	21.899
5189.650	-1.960	21.973
5189.660	-1.960	22.192
5189.670	-1.990	22.119
5189.680	-1.990	22.339
5189.690	-1.990	22.266
5189.700	-2.010	22.632
5189.710	-2.010	22.266
5189.720	-2.010	22.559
5189.730	-2.020	22.412
5189.740	-2.020	22.485
5189.750	-2.020	22.266
5189.760	-2.030	22.632
5189.770	-2.030	22.485
5189.780	-2.030	22.778
5189.790	-2.050	22.485
5189.800	-2.050	22.485
5189.810	-2.050	22.559
5189.820	-2.060	22.852
5189.830	-2.060	22.632
5189.840	-2.060	22.705
5189.850	-2.050	22.852
5189.860	-2.050	22.778
5189.870	-2.050	22.778
5189.880	-2.050	22.778
5189.890	-2.050	22.925
5189.900	-2.050	22.852
5189.910	-2.060	22.925
5189.920	-2.060	22.632
5189.930	-2.060	22.852
5189.940	-2.050	22.852
5189.950	-2.050	22.852
5189.960	-2.050	22.705
5189.970	-2.040	22.778
5189.980	-2.040	22.559
5189.990	-2.040	22.778
5190.000	-2.030	22.632
5190.010	-2.030	22.705
5190.020	-2.030	22.485
5190.030	-2.010	22.559
5190.040	-2.010	21.973
5190.050	-2.010	22.046
5190.060	-1.980	21.899
5190.070	-1.980	21.753
5190.080	-1.980	21.606
5190.090	-1.950	21.533
5190.100	-1.950	21.533
5190.110	-1.950	21.460
5190.120	-1.910	21.460
5190.130	-1.910	21.167
5190.140	-1.910	21.094
5190.150	-1.870	21.094
5190.160	-1.870	21.094
5190.170	-1.870	20.801
5190.180	-1.830	20.801
5190.190	-1.830	20.654
5190.200	-1.830	20.288
5190.210	-1.800	20.288
5190.220	-1.800	19.849
5190.230	-1.800	19.775
5190.240	-1.750	19.775
5190.250	-1.750	19.702
5190.260	-1.750	19.116
5190.270	-1.700	19.116
5190.280	-1.700	19.043
5190.290	-1.700	18.750
5190.300	-1.650	18.750
5190.310	-1.650	18.530
5190.320	-1.650	18.311
5190.330	-1.590	18.311
5190.340	-1.590	18.018
5190.350	-1.590	17.432
5190.360	-1.530	17.432
5190.370	-1.530	17.578
5190.380	-1.530	16.919
5190.390	-1.480	16.772
5190.400	-1.480	16.626
5190.410	-1.480	16.113
5190.420	-1.410	16.260
5190.430	-1.410	15.894
5190.440	-1.410	15.381
5190.450	-1.330	15.674
5190.460	-1.330	15.088
5190.470	-1.330	14.648
5190.480	-1.250	14.795
5190.490	-1.250	14.282
5190.500	-1.250	14.062
5190.510	-1.160	13.843
5190.520	-1.160	13.477
5190.530	-1.160	12.964
5190.540	-1.090	13.110
5190.550	-1.090	12.305
5190.560	-1.090	12.378
5190.570	-1.040	12.085
5190.580	-1.040	11.792
5190.590	-1.040	11.353
5190.600	-0.950	10.840
5190.610	-0.950	10.986
5190.620	-0.950	10.400
5190.630	-0.830	10.400
5190.640	-0.830	9.814
5190.650	-0.830	9.521
5190.660	-0.730	9.229
5190.670	-0.730	8.936
5190.680	-0.730	8.350
5190.690	-0.660	8.350
5190.700	-0.660	8.130
5190.710	-0.660	7.324
5190.720	-0.560	6.958
5190.730	-0.560	6.445
5190.740	-0.560	6.372
5190.750	-0.430	6.226
5190.760	-0.430	5.493
5190.770	-0.430	5.054
5190.780	-0.330	4.687
5190.790	-0.330	4.175
5190.800	-0.330	3.735
5190.810	-0.230	3.589
5190.820	-0.230	3.296
5190.830	-0.230	2.856
5190.840	-0.110	2.271
5190.850	-0.110	1.831
5190.860	-0.110	1.465
5190.870	0.050	1.099
5190.880	0.050	0.732
5190.890	0.050	0.220
5190.900	0.120	-0.293
5190.910	0.120	-0.732
5190.920	0.120	-1.172
5190.930	0.250	-1.538
5190.940	0.250	-1.978
5190.950	0.250	-2.563
5190.960	0.350	-3.076
5190.970	0.350	-3.442
5190.980	0.350	-3.735
5190.990	0.490	-4.028
5191.000	0.490	-4.541
5191.010	0.490	-4.980
5191.020	0.620	-5.420
5191.030	0.620	-6.152
5191.040	0.620	-6.519
5191.050	0.720	-6.665
5191.060	0.720	-7.104
5191.070	0.720	-7.471
5191.080	0.820	-8.276
5191.090	0.820	-8.643
5191.100	0.820	-8.716
5191.110	0.930	-9.302
5191.120	0.930	-9.668
5191.130	0.930	-9.961
5191.140	1.050	-10.327
5191.150	1.050	-10.840
5191.160	1.050	-11.279
5191.170	1.150	-11.646
5191.180	1.150	-11.792
5191.190	1.150	-12.231
5191.200	1.270	-13.037
5191.210	1.270	-13.184
5191.220	1.270	-13.550
5191.230	1.370	-13.989
5191.240	1.370	-14.355
5191.250	1.370	-14.648
5191.260	1.450	-15.088
5191.270	1.450	-15.601
5191.280	1.450	-15.967
5191.290	1.550	-16.260
5191.300	1.550	-16.406
5191.310	1.550	-17.065
5191.320	1.650	-17.358
5191.330	1.650	-17.432
5191.340	1.650	-17.871
5191.350	1.740	-18.311
5191.360	1.740	-18.896
5191.370	1.740	-18.896
5191.380	1.830	-19.409
5191.390	1.830	-19.702
5191.400	1.830	-20.142
5191.410	1.930	-20.142
5191.420	1.930	-20.508
5191.430	1.930	-20.801
5191.440	2.010	-21.240
5191.450	2.010	-21.533
5191.460	2.010	-21.680
5191.470	2.090	-22.046
5191.480	2.090	-22.119
5191.490	2.090	-22.705
5191.500	2.180	-23.145
5191.510	2.180	-23.437
5191.520	2.180	-24.170
5191.530	2.280	-24.463
5191.540	2.280	-24.829
5191.550	2.280	-24.976
5191.560	2.360	-25.415
5191.570	2.360	-25.635
5191.580	2.360	-25.854
5191.590	2.450	-26.367
5191.600	2.450	-26.440
5191.610	2.450	-26.953
5191.620	2.540	-26.953
5191.630	2.540	-27.319
5191.640	2.540	-27.759
5191.650	2.610	-28.125
5191.660	2.610	-28.345
5191.670	2.610	-28.784
5191.680	2.710	-29.370
5191.690	2.710	-29.370
5191.700	2.710	-29.663
5191.710	2.780	-30.029
5191.720	2.780	-30.249
5191.730	2.780	-30.615
5191.740	2.870	-30.615
5191.750	2.870	-31.055
5191.760	2.870	-31.494
5191.770	2.940	-31.714
5191.780	2.940	-31.860
5191.790	2.940	-32.446
5191.800	3.030	-32.593
5191.810	3.030	-32.812
5191.820	3.030	-33.691
5191.830	3.080	-33.691
5191.840	3.080	-33.838
5191.850	3.080	-34.204
5191.860	3.180	-34.204
5191.870	3.180	-34.790
5191.880	3.180	-34.863
5191.890	3.240	-35.229
5191.900	3.240	-35.376
5191.910	3.240	-35.815
5191.920	3.310	-36.328
5191.930	3.310	-35.962
5191.940	3.310	-36.621
5191.950	3.400	-36.841
5191.960	3.400	-37.280
5191.970	3.400	-37.573
5191.980	3.420	-37.573
5191.990	3.420	-37.573
5192.000	3.420	-38.013
5192.010	3.490	-38.086
5192.020	3.490	-38.232
5192.030	3.490	-38.818
5192.040	3.570	-38.818
5192.050	3.570	-38.965
5192.060	3.570	-39.185
5192.070	3.590	-39.258
5192.080	3.590	-39.624
5192.090	3.590	-40.283
5192.100	3.650	-40.283
5192.110	3.650	-40.210
5192.120	3.650	-40.356
5192.130	3.700	-40.356
5192.140	3.700	-40.576
5192.150	3.700	-40.796
5192.160	3.720	-40.796
5192.170	3.720	-41.162
5192.180	3.720	-41.382
5192.190	3.780	-41.602
5192.200	3.780	-41.235
5192.210	3.780	-41.528
5192.220	3.770	-41.895
5192.230	3.770	-41.748
5192.240	3.770	-41.895
5192.250	3.800	-42.041
5192.260	3.800	-42.187
5192.270	3.800	-42.187
5192.280	3.840	-42.261
5192.290	3.840	-42.114
5192.300	3.840	-42.187
5192.310	3.850	-42.407
5192.320	3.850	-42.261
5192.330	3.850	-42.554
5192.340	3.840	-42.554
5192.350	3.840	-42.407
5192.360	3.840	-42.261
5192.370	3.830	-42.480
5192.380	3.830	-42.407
5192.390	3.830	-42.480
5192.400	3.850	-42.847
5192.410	3.850	-42.480
5192.420	3.850	-42.407
5192.430	3.830	-42.407
5192.440	3.830	-42.407
5192.450	3.830	-42.407
5192.460	3.830	-42.407
5192.470	3.830	-42.041
5192.480	3.830	-42.041
5192.490	3.800	-42.041
5192.500	3.800	-41.602
5192.510	3.800	-41.895
5192.520	3.770	-41.895
5192.530	3.770	-41.748
5192.540	3.770	-41.455
5192.550	3.740	-41.455
5192.560	3.740	-41.528
5192.570	3.740	-41.016
5192.580	3.710	-41.016
5192.590	3.710	-40.796
5192.600	3.710	-40.869
5192.610	3.680	-40.869
5192.620	3.680	-40.576
5192.630	3.680	-40.503
5192.640	3.630	-40.503
5192.650	3.630	-40.137
5192.660	3.630	-39.917
5192.670	3.550	-39.844
5192.680	3.550	-39.551
5192.690	3.550	-39.624
5192.700	3.520	-39.551
5192.710	3.520	-39.038
5192.720	3.520	-38.965
5192.730	3.480	-38.672
5192.740	3.480	-38.379
5192.750	3.480	-38.379
5192.760	3.400	-38.013
5192.770	3.400	-37.573
5192.780	3.400	-37.427
5192.790	3.310	-37.280
5192.800	3.310	-36.621
5192.810	3.310	-36.694
5192.820	3.250	-36.401
5192.830	3.250	-36.182
5192.840	3.250	-35.889
5192.850	3.220	-35.596
5192.860	3.220	-35.229
5192.870	3.220	-35.229
5192.880	3.110	-35.010
5192.890	3.110	-34.424
5192.900	3.110	-34.277
5192.910	3.010	-34.277
5192.920	3.010	-33.765
5192.930	3.010	-33.325
5192.940	2.950	-33.325
5192.950	2.950	-32.739
5192.960	2.950	-32.520
5192.970	2.880	-32.227
5192.980	2.880	-31.860
5192.990	2.880	-31.567
5193.000	2.750	-31.348
5193.010	2.750	-30.688
5193.020	2.750	-30.615
5193.030	2.690	-30.322
5193.040	2.690	-29.517
5193.050	2.690	-29.663
5193.060	2.560	-29.443
5193.070	2.560	-28.784
5193.080	2.560	-28.418
5193.090	2.480	-28.198
5193.100	2.480	-27.612
5193.110	2.480	-27.246
5193.120	2.400	-26.953
5193.130	2.400	-26.514
5193.140	2.400	-26.440
5193.150	2.280	-25.781
5193.160	2.280	-25.415
5193.170	2.280	-24.976
5193.180	2.150	-24.243
5193.190	2.150	-24.097
5193.200	2.150	-23.584
5193.210	2.080	-23.071
5193.220	2.080	-22.778
5193.230	2.080	-22.339
5193.240	1.960	-22.339
5193.250	1.960	-22.046
5193.260	1.960	-21.387
5193.270	1.840	-21.387
5193.280	1.840	-20.508
5193.290	1.840	-19.922
5193.300	1.730	-19.922
5193.310	1.730	-19.702
5193.320	1.730	-18.677
5193.330	1.620	-18.677
5193.340	1.620	-18.311
5193.350	1.620	-17.944
5193.360	1.490	-17.358
5193.370	1.490	-16.846
5193.380	1.490	-16.919
5193.390	1.380	-16.333
5193.400	1.380	-15.674
5193.410	1.380	-15.161
5193.420	1.270	-15.088
5193.430	1.270	-14.502
5193.440	1.270	-14.062
5193.450	1.150	-13.403
5193.460	1.150	-13.257
5193.470	1.150	-12.524
5193.480	1.010	-12.085
5193.490	1.010	-11.719
5193.500	1.010	-11.499
5193.510	0.880	-11.060
5193.520	0.880	-10.107
5193.530	0.880	-9.448
5193.540	0.760	-9.448
5193.550	0.760	-9.009
5193.560	0.760	-8.423
5193.570	0.660	-8.423
5193.580	0.660	-7.690
5193.590	0.660	-6.519
5193.600	0.550	-6.519
5193.610	0.550	-6.299
5193.620	0.550	-5.566
5193.630	0.440	-5.566
5193.640	0.440	-5.200
5193.650	0.440	-4.834
5193.660	0.330	-4.468
5193.670	0.330	-4.102
5193.680	0.330	-3.955
5193.690	0.230	-3.662
5193.700	0.230	-3.369
5193.710	0.230	-2.856
5193.720	0.120	-2.344
5193.730	0.120	-2.124
5193.740	0.120	-1.758
5193.750	0.030	-1.465
5193.760	0.030	-0.952
5193.770	0.030	-0.439
5193.780	-0.070	0.000
5193.790	-0.070	0.439
5193.800	-0.070	0.952
5193.810	-0.180	1.392
5193.820	-0.180	1.685
5193.830	-0.180	2.051
5193.840	-0.270	2.417
5193.850	-0.270	2.856
5193.860	-0.270	3.296
5193.870	-0.370	3.589
5193.880	-0.370	3.809
5193.890	-0.370	3.955
5193.900	-0.480	4.321
5193.910	-0.480	4.687
5193.920	-0.480	4.980
5193.930	-0.550	5.347
5193.940	-0.550	5.859
5193.950	-0.550	6.079
5193.960	-0.650	6.152
5193.970	-0.650	6.738
5193.980	-0.650	7.251
5193.990	-0.720	7.690
5194.000	-0.720	7.910
5194.010	-0.720	7.910
5194.020	-0.830	8.569
5194.030	-0.830	8.789
5194.040	-0.830	9.082
5194.050	-0.900	9.375
5194.060	-0.900	9.741
5194.070	-0.900	10.034
5194.080	-1.020	10.400
5194.090	-1.020	10.620
5194.100	-1.020	10.840
5194.110	-1.060	11.499
5194.120	-1.060	11.646
5194.130	-1.060	11.792
5194.140	-1.170	12.231
5194.150	-1.170	12.598
5194.160	-1.170	12.964
5194.170	-1.250	13.110
5194.180	-1.250	13.257
5194.190	-1.250	14.062
5194.200	-1.300	14.062
5194.210	-1.300	14.355
5194.220	-1.300	14.502
5194.230	-1.410	15.015
5194.240	-1.410	15.015
5194.250	-1.410	15.381
5194.260	-1.490	15.820
5194.270	-1.490	15.894
5194.280	-1.490	16.187
5194.290	-1.510	16.553
5194.300	-1.510	16.846
5194.310	-1.510	16.626
5194.320	-1.600	17.139
5194.330	-1.600	17.432
5194.340	-1.600	17.798
5194.350	-1.690	18.164
5194.360	-1.690	18.018
5194.370	-1.690	18.530
5194.380	-1.740	18.750
5194.390	-1.740	18.823
5194.400	-1.740	19.116
5194.410	-1.790	19.775
5194.420	-1.790	19.775
5194.430	-1.790	19.702
5194.440	-1.860	19.995
5194.450	-1.860	20.435
5194.460	-1.860	20.581
5194.470	-1.920	20.581
5194.480	-1.920	20.874
5194.490	-1.920	21.313
5194.500	-1.970	21.313
5194.510	-1.970	21.387
5194.520	-1.970	22.119
5194.530	-2.020	22.119
5194.540	-2.020	22.485
5194.550	-2.020	22.559
5194.560	-2.070	22.559
5194.570	-2.070	22.705
5194.580	-2.070	23.145
5194.590	-2.110	23.145
5194.600	-2.110	23.145
5194.610	-2.110	23.364
5194.620	-2.130	23.657
5194.630	-2.130	23.730
5194.640	-2.130	23.804
5194.650	-2.200	23.877
5194.660	-2.200	24.097
5194.670	-2.200	24.170
5194.680	-2.240	24.390
5194.690	-2.240	24.316
5194.700	-2.240	24.609
5194.710	-2.260	24.609
5194.720	-2.260	24.756
5194.730	-2.260	24.976
5194.740	-2.300	25.342
5194.750	-2.300	25.415
5194.760	-2.300	25.415
5194.770	-2.330	25.781
5194.780	-2.330	25.562
5194.790	-2.330	25.854
5194.800	-2.340	25.708
5194.810	-2.340	26.074
5194.820	-2.340	26.001
5194.830	-2.380	26.221
5194.840	-2.380	26.147
5194.850	-2.380	26.147
5194.860	-2.400	26.294
5194.870	-2.400	26.001
5194.880	-2.400	26.367
5194.890	-2.410	26.440
5194.900	-2.410	26.733
5194.910	-2.410	26.587
5194.920	-2.420	26.587
5194.930	-2.420	26.440
5194.940	-2.420	26.294
5194.950	-2.420	26.733
5194.960	-2.420	26.587
5194.970	-2.420	27.026
5194.980	-2.430	26.880
5194.990	-2.430	26.807
5195.000	-2.430	26.660
5195.010	-2.420	26.660
5195.020	-2.420	26.733
5195.030	-2.420	26.660
5195.040	-2.400	27.026
5195.050	-2.400	26.733
5195.060	-2.400	26.807
5195.070	-2.390	26.660
5195.080	-2.390	26.440
5195.090	-2.390	26.440
5195.100	-2.370	26.367
5195.110	-2.370	26.367
5195.120	-2.370	26.294
5195.130	-2.340	26.587
5195.140	-2.340	26.147
5195.150	-2.340	26.001
5195.160	-2.320	26.074
5195.170	-2.320	25.708
5195.180	-2.320	25.781
5195.190	-2.290	25.708
5195.200	-2.290	25.635
5195.210	-2.290	25.415
5195.220	-2.260	25.415
5195.230	-2.260	24.902
5195.240	-2.260	25.049
5195.250	-2.220	25.049
5195.260	-2.220	24.829
5195.270	-2.220	24.902
5195.280	-2.170	24.902
5195.290	-2.170	24.463
5195.300	-2.170	24.463
5195.310	-2.130	24.390
5195.320	-2.130	24.097
5195.330	-2.130	23.804
5195.340	-2.070	23.657
5195.350	-2.070	23.145
5195.360	-2.070	23.145
5195.370	-2.010	22.632
5195.380	-2.010	22.412
5195.390	-2.010	22.339
5195.400	-1.950	22.192
5195.410	-1.950	21.826
5195.420	-1.950	21.606
5195.430	-1.880	21.680
5195.440	-1.880	21.167
5195.450	-1.880	21.167
5195.460	-1.810	20.581
5195.470	-1.810	20.654
5195.480	-1.810	20.288
5195.490	-1.740	20.288
5195.500	-1.740	19.775
5195.510	-1.740	19.336
5195.520	-1.670	19.189
5195.530	-1.670	18.823
5195.540	-1.670	18.604
5195.550	-1.590	18.384
5195.560	-1.590	18.164
5195.570	-1.590	17.798
5195.580	-1.480	17.358
5195.590	-1.480	16.846
5195.600	-1.480	16.626
5195.610	-1.390	16.553
5195.620	-1.390	16.040
5195.630	-1.390	15.601
5195.640	-1.300	15.308
5195.650	-1.300	15.015
5195.660	-1.300	14.502
5195.670	-1.200	14.355
5195.680	-1.200	13.989
5195.690	-1.200	13.770
5195.700	-1.120	13.037
5195.710	-1.120	12.891
5195.720	-1.120	12.378
5195.730	-0.990	12.305
5195.740	-0.990	11.646
5195.750	-0.990	11.133
5195.760	-0.890	11.133
5195.770	-0.890	10.400
5195.780	-0.890	10.254
5195.790	-0.780	9.595
5195.800	-0.780	9.229
5195.810	-0.780	8.569
5195.820	-0.640	8.569
5195.830	-0.640	7.617
5195.840	-0.640	7.251
5195.850	-0.520	7.251
5195.860	-0.520	6.665
5195.870	-0.520	5.566
5195.880	-0.420	5.566
5195.890	-0.420	5.127
5195.900	-0.420	4.907
5195.910	-0.330	4.321
5195.920	-0.330	3.735
5195.930	-0.330	3.442
5195.940	-0.150	3.076
5195.950	-0.150	2.490
5195.960	-0.150	2.051
5195.970	-0.010	1.611
5195.980	-0.010	1.172
5195.990	-0.010	0.659
5196.000	0.120	0.146
5196.010	0.120	-0.366
5196.020	0.120	-0.806
5196.030	0.250	-1.318
5196.040	0.250	-2.124
5196.050	0.250	-2.856
5196.060	0.350	-3.296
5196.070	0.350	-3.296
5196.080	0.350	-3.955
5196.090	0.500	-3.955
5196.100	0.500	-4.687
5196.110	0.500	-5.347
5196.120	0.630	-5.347
5196.130	0.630	-5.933
5196.140	0.630	-6.958
5196.150	0.730	-6.958
5196.160	0.730	-7.471
5196.170	0.730	-8.276
5196.180	0.860	-8.276
5196.190	0.860	-8.716
5196.200	0.860	-9.521
5196.210	0.960	-9.521
5196.220	0.960	-9.961
5196.230	0.960	-11.133
5196.240	1.070	-11.133
5196.250	1.070	-11.353
5196.260	1.070	-12.085
5196.270	1.190	-12.085
5196.280	1.190	-12.598
5196.290	1.190	-12.964
5196.300	1.290	-13.184
5196.310	1.290	-13.770
5196.320	1.290	-14.136
5196.330	1.380	-14.429
5196.340	1.380	-14.648
5196.350	1.380	-15.161
5196.360	1.480	-15.820
5196.370	1.480	-15.820
5196.380	1.480	-16.553
5196.390	1.560	-16.626
5196.400	1.560	-16.626
5196.410	1.560	-17.578
5196.420	1.660	-17.578
5196.430	1.660	-17.871
5196.440	1.660	-18.457
5196.450	1.760	-18.457
5196.460	1.760	-18.896
5196.470	1.760	-19.043
5196.480	1.830	-19.482
5196.490	1.830	-19.702
5196.500	1.830	-20.215
5196.510	1.910	-20.728
5196.520	1.910	-20.654
5196.530	1.910	-21.094
5196.540	2.010	-21.094
5196.550	2.010	-21.826
5196.560	2.010	-22.339
5196.570	2.080	-22.339
5196.580	2.080	-22.339
5196.590	2.080	-23.071
5196.600	2.150	-23.071
5196.610	2.150	-23.218
5196.620	2.150	-23.804
5196.630	2.240	-23.804
5196.640	2.240	-24.097
5196.650	2.240	-24.536
5196.660	2.300	-24.536
5196.670	2.300	-24.829
5196.680	2.300	-25.488
5196.690	2.380	-25.488
5196.700	2.380	-26.001
5196.710	2.380	-26.367
5196.720	2.440	-26.367
5196.730	2.440	-26.440
5196.740	2.440	-27.246
5196.750	2.500	-27.246
5196.760	2.500	-27.393
5196.770	2.500	-27.686
5196.780	2.560	-27.686
5196.790	2.560	-27.979
5196.800	2.560	-28.345
5196.810	2.630	-28.345
5196.820	2.630	-28.491
5196.830	2.630	-29.150
5196.840	2.680	-29.150
5196.850	2.680	-29.077
5196.860	2.680	-29.810
5196.870	2.760	-29.810
5196.880	2.760	-29.956
5196.890	2.760	-30.322
5196.900	2.790	-30.322
5196.910	2.790	-30.542
5196.920	2.790	-30.908
5196.930	2.840	-30.908
5196.940	2.840	-31.055
5196.950	2.840	-31.421
5196.960	2.890	-31.421
5196.970	2.890	-31.348
5196.980	2.890	-31.860
5196.990	2.900	-31.860
5197.000	2.900	-31.787
5197.010	2.900	-32.153
5197.020	2.970	-32.153
5197.030	2.970	-32.300
5197.040	2.970	-32.520
5197.050	3.040	-32.520
5197.060	3.040	-32.739
5197.070	3.040	-33.105
5197.080	3.030	-33.105
5197.090	3.030	-33.105
5197.100	3.030	-33.325
5197.110	3.040	-33.325
5197.120	3.040	-33.765
5197.130	3.040	-33.545
5197.140	3.130	-33.545
5197.150	3.130	-34.058
5197.160	3.130	-34.131
5197.170	3.120	-34.131
5197.180	3.120	-33.765
5197.190	3.120	-34.204
5197.200	3.110	-34.204
5197.210	3.110	-34.351
5197.220	3.110	-34.570
5197.230	3.160	-34.570
5197.240	3.160	-34.570
5197.250	3.160	-34.644
5197.260	3.160	-34.644
5197.270	3.160	-34.863
5197.280	3.160	-34.644
5197.290	3.180	-34.644
5197.300	3.180	-34.863
5197.310	3.180	-34.937
5197.320	3.190	-34.937
5197.330	3.190	-34.644
5197.340	3.190	-35.229
5197.350	3.190	-35.229
5197.360	3.190	-35.010
5197.370	3.190	-35.156
5197.380	3.170	-35.156
5197.390	3.170	-35.229
5197.400	3.170	-34.790
5197.410	3.190	-34.790
5197.420	3.190	-35.229
5197.430	3.190	-35.010
5197.440	3.200	-35.010
5197.450	3.200	-34.937
5197.460	3.200	-35.303
5197.470	3.180	-35.303
5197.480	3.180	-35.010
5197.490	3.180	-35.156
5197.500	3.160	-35.156
5197.510	3.160	-35.303
5197.520	3.160	-34.937
5197.530	3.150	-34.790
5197.540	3.150	-35.083
5197.550	3.150	-34.717
5197.560	3.130	-34.790
5197.570	3.130	-34.424
5197.580	3.130	-34.790
5197.590	3.120	-34.644
5197.600	3.120	-34.424
5197.610	3.120	-34.277
5197.620	3.100	-34.570
5197.630	3.100	-34.277
5197.640	3.100	-33.984
5197.650	3.070	-34.351
5197.660	3.070	-33.838
5197.670	3.070	-34.058
5197.680	3.030	-33.618
5197.690	3.030	-33.838
5197.700	3.030	-33.472
5197.710	2.990	-33.398
5197.720	2.990	-33.252
5197.730	2.990	-33.105
5197.740	2.970	-33.179
5197.750	2.970	-32.886
5197.760	2.970	-32.812
5197.770	2.930	-32.666
5197.780	2.930	-32.520
5197.790	2.930	-32.080
5197.800	2.860	-32.300
5197.810	2.860	-32.007
5197.820	2.860	-31.494
5197.830	2.810	-31.714
5197.840	2.810	-31.421
5197.850	2.810	-30.981
5197.860	2.780	-30.981
5197.870	2.780	-30.762
5197.880	2.780	-30.469
5197.890	2.700	-30.322
5197.900	2.700	-30.103
5197.910	2.700	-29.883
5197.920	2.620	-29.810
5197.930	2.620	-29.297
5197.940	2.620	-28.931
5197.950	2.580	-29.224
5197.960	2.580	-28.638
5197.970	2.580	-28.418
5197.980	2.500	-28.198
5197.990	2.500	-27.832
5198.000	2.500	-27.393
5198.010	2.430	-27.319
5198.020	2.430	-27.100
5198.030	2.430	-26.733
5198.040	2.340	-26.807
5198.050	2.340	-25.928
5198.060	2.340	-26.001
5198.070	2.250	-25.488
5198.080	2.250	-25.415
5198.090	2.250	-25.049
5198.100	2.200	-24.829
5198.110	2.200	-24.243
5198.120	2.200	-23.657
5198.130	2.060	-23.657
5198.140	2.060	-23.218
5198.150	2.060	-22.412
5198.160	2.010	-22.412
5198.170	2.010	-22.046
5198.180	2.010	-21.460
5198.190	1.870	-21.460
5198.200	1.870	-20.947
5198.210	1.870	-20.068
5198.220	1.780	-20.068
5198.230	1.780	-19.849
5198.240	1.780	-19.189
5198.250	1.670	-19.189
5198.260	1.670	-18.750
5198.270	1.670	-18.018
5198.280	1.540	-18.018
5198.290	1.540	-17.651
5198.300	1.540	-17.065
5198.310	1.470	-16.626
5198.320	1.470	-16.333
5198.330	1.470	-16.040
5198.340	1.330	-15.381
5198.350	1.330	-14.941
5198.360	1.330	-14.722
5198.370	1.210	-14.062
5198.380	1.210	-13.623
5198.390	1.210	-12.964
5198.400	1.080	-12.891
5198.410	1.080	-12.231
5198.420	1.080	-11.792
5198.430	0.940	-11.279
5198.440	0.940	-10.840
5198.450	0.940	-10.620
5198.460	0.830	-9.961
5198.470	0.830	-9.521
5198.480	0.830	-9.009
5198.490	0.720	-8.716
5198.500	0.720	-7.983
5198.510	0.720	-7.617
5198.520	0.590	-7.471
5198.530	0.590	-6.958
5198.540	0.590	-6.519
5198.550	0.470	-5.786
5198.560	0.470	-5.273
5198.570	0.470	-5.054
5198.580	0.350	-4.614
5198.590	0.350	-4.175
5198.600	0.350	-3.882
5198.610	0.220	-3.442
5198.620	0.220	-2.783
5198.630	0.220	-2.344
5198.640	0.110	-1.978
5198.650	0.110	-1.685
5198.660	0.110	-1.392
5198.670	0.010	-0.952
5198.680	0.010	-0.513
5198.690	0.010	0.000
5198.700	-0.100	0.586
5198.710	-0.100	1.025
5198.720	-0.100	1.318
5198.730	-0.220	1.685
5198.740	-0.220	2.051
5198.750	-0.220	2.417
5198.760	-0.340	3.076
5198.770	-0.340	3.589
5198.780	-0.340	3.955
5198.790	-0.450	4.248
5198.800	-0.450	4.614
5198.810	-0.450	4.907
5198.820	-0.530	5.273
5198.830	-0.530	5.566
5198.840	-0.530	6.226
5198.850	-0.620	6.592
5198.860	-0.620	6.738
5198.870	-0.620	7.031
5198.880	-0.740	7.251
5198.890	-0.740	7.837
5198.900	-0.740	8.057
5198.910	-0.810	8.569
5198.920	-0.810	8.936
5198.930	-0.810	9.229
5198.940	-0.920	9.521
5198.950	-0.920	9.814
5198.960	-0.920	10.327
5198.970	-1.010	10.327
5198.980	-1.010	11.133
5198.990	-1.010	11.206
5199.000	-1.110	11.572
5199.010	-1.110	11.719
5199.020	-1.110	12.158
5199.030	-1.190	12.817
5199.040	-1.190	12.671
5199.050	-1.190	13.403
5199.060	-1.280	13.696
5199.070	-1.280	13.916
5199.080	-1.280	14.575
5199.090	-1.350	14.575
5199.100	-1.350	14.648
5199.110	-1.350	15.308
5199.120	-1.450	15.747
5199.130	-1.450	15.527
5199.140	-1.450	16.260
5199.150	-1.510	16.260
5199.160	-1.510	16.479
5199.170	-1.510	17.212
5199.180	-1.610	17.065
5199.190	-1.610	18.018
5199.200	-1.610	18.164
5199.210	-1.660	18.311
5199.220	-1.660	18.311
5199.230	-1.660	18.896
5199.240	-1.740	19.116
5199.250	-1.740	19.116
5199.260	-1.740	19.629
5199.270	-1.830	20.215
5199.280	-1.830	20.288
5199.290	-1.830	20.508
5199.300	-1.870	20.728
5199.310	-1.870	20.728
5199.320	-1.870	21.313
5199.330	-1.950	21.313
5199.340	-1.950	21.313
5199.350	-1.950	21.606
5199.360	-2.020	21.606
5199.370	-2.020	22.046
5199.380	-2.020	22.412
5199.390	-2.040	22.412
5199.400	-2.040	22.485
5199.410	-2.040	22.778
5199.420	-2.110	23.145
5199.430	-2.110	23.437
5199.440	-2.110	23.511
5199.450	-2.150	23.877
5199.460	-2.150	24.023
5199.470	-2.150	24.243
5199.480	-2.200	24.609
5199.490	-2.200	24.536
5199.500	-2.200	24.829
5199.510	-2.260	24.829
5199.520	-2.260	25.049
5199.530	-2.260	24.829
5199.540	-2.290	25.342
5199.550	-2.290	24.976
5199.560	-2.290	25.415
5199.570	-2.310	25.342
5199.580	-2.310	25.708
5199.590	-2.310	25.708
5199.600	-2.350	25.854
5199.610	-2.350	25.928
5199.620	-2.350	25.928
5199.630	-2.370	26.294
5199.640	-2.370	26.001
5199.650	-2.370	26.587
5199.660	-2.390	26.587
5199.670	-2.390	26.660
5199.680	-2.390	26.440
5199.690	-2.420	26.514
5199.700	-2.420	26.660
5199.710	-2.420	26.514
5199.720	-2.430	27.100
5199.730	-2.430	26.953
5199.740	-2.430	27.173
5199.750	-2.430	27.026
5199.760	-2.430	26.807
5199.770	-2.430	26.880
5199.780	-2.450	26.953
5199.790	-2.450	27.319
5199.800	-2.450	27.173
5199.810	-2.450	27.319
5199.820	-2.450	26.953
5199.830	-2.450	26.880
5199.840	-2.450	27.173
5199.850	-2.450	27.026
5199.860	-2.450	27.393
5199.870	-2.440	27.319
5199.880	-2.440	27.100
5199.890	-2.440	27.026
5199.900	-2.440	26.880
5199.910	-2.440	27.100
5199.920	-2.440	27.026
5199.930	-2.430	27.246
5199.940	-2.430	26.880
5199.950	-2.430	26.660
5199.960	-2.400	26.733
5199.970	-2.400	26.440
5199.980	-2.400	26.733
5199.990	-2.380	26.587
5200.000	-2.380	26.807
5200.010	-2.380	26.514
5200.020	-2.360	26.440
5200.030	-2.360	26.294
5200.040	-2.360	26.147
5200.050	-2.340	26.367
5200.060	-2.340	26.001
5200.070	-2.340	26.294
5200.080	-2.310	26.001
5200.090	-2.310	25.854
5200.100	-2.310	25.708
5200.110	-2.280	25.708
5200.120	-2.280	25.488
5200.130	-2.280	25.269
5200.140	-2.250	25.415
5200.150	-2.250	25.122
5200.160	-2.250	25.049
5200.170	-2.210	24.756
5200.180	-2.210	24.683
5200.190	-2.210	24.463
5200.200	-2.170	24.316
5200.210	-2.170	24.023
5200.220	-2.170	24.023
5200.230	-2.120	23.877
5200.240	-2.120	23.657
5200.250	-2.120	23.437
5200.260	-2.080	23.437
5200.270	-2.080	23.145
5200.280	-2.080	22.852
5200.290	-2.020	22.852
5200.300	-2.020	22.632
5200.310	-2.020	22.119
5200.320	-1.970	22.119
5200.330	-1.970	22.046
5200.340	-1.970	21.606
5200.350	-1.910	21.606
5200.360	-1.910	21.167
5200.370	-1.910	21.167
5200.380	-1.840	21.021
5200.390	-1.840	20.728
5200.400	-1.840	20.508
5200.410	-1.770	19.922
5200.420	-1.770	20.142
5200.430	-1.770	19.775
5200.440	-1.730	19.849
5200.450	-1.730	19.336
5200.460	-1.730	18.970
5200.470	-1.650	18.750
5200.480	-1.650	18.384
5200.490	-1.650	17.944
5200.500	-1.580	17.871
5200.510	-1.580	17.871
5200.520	-1.580	17.212
5200.530	-1.490	17.065
5200.540	-1.490	16.699
5200.550	-1.490	16.333
5200.560	-1.390	16.406
5200.570	-1.390	16.040
5200.580	-1.390	15.381
5200.590	-1.310	15.527
5200.600	-1.310	14.868
5200.610	-1.310	14.429
5200.620	-1.250	14.429
5200.630	-1.250	13.916
5200.640	-1.250	13.696
5200.650	-1.130	13.330
5200.660	-1.130	12.817
5200.670	-1.130	12.378
5200.680	-1.010	12.451
5200.690	-1.010	11.792
5200.700	-1.010	11.353
5200.710	-0.930	11.353
5200.720	-0.930	10.767
5200.730	-0.930	10.620
5200.740	-0.850	9.961
5200.750	-0.850	9.668
5200.760	-0.850	9.375
5200.770	-0.730	9.082
5200.780	-0.730	8.496
5200.790	-0.730	8.276
5200.800	-0.630	8.203
5200.810	-0.630	7.324
5200.820	-0.630	6.958
5200.830	-0.540	6.445
5200.840	-0.540	6.372
5200.850	-0.540	6.226
5200.860	-0.450	5.640
5200.870	-0.450	5.127
5200.880	-0.450	4.761
5200.890	-0.290	4.321
5200.900	-0.290	3.809
5200.910	-0.290	3.589
5200.920	-0.180	3.369
5200.930	-0.180	2.856
5200.940	-0.180	2.271
5200.950	-0.050	1.758
5200.960	-0.050	1.392
5200.970	-0.050	0.879
5200.980	0.050	0.513
5200.990	0.050	0.000
5201.000	0.050	-0.439
5201.010	0.160	-0.879
5201.020	0.160	-1.392
5201.030	0.160	-1.685
5201.040	0.300	-2.271
5201.050	0.300	-2.930
5201.060	0.300	-3.369
5201.070	0.430	-3.589
5201.080	0.430	-3.882
5201.090	0.430	-4.395
5201.100	0.530	-4.834
5201.110	0.530	-5.200
5201.120	0.530	-5.713
5201.130	0.640	-6.299
5201.140	0.640	-6.372
5201.150	0.640	-6.592
5201.160	0.730	-7.104
5201.170	0.730	-7.471
5201.180	0.730	-8.276
5201.190	0.830	-8.350
5201.200	0.830	-8.789
5201.210	0.830	-9.155
5201.220	0.950	-9.668
5201.230	0.950	-9.814
5201.240	0.950	-10.693
5201.250	1.060	-10.693
5201.260	1.060	-11.206
5201.270	1.060	-11.646
5201.280	1.140	-11.646
5201.290	1.140	-12.085
5201.300	1.140	-12.744
5201.310	1.230	-12.744
5201.320	1.230	-12.891
5201.330	1.230	-13.696
5201.340	1.320	-13.696
5201.350	1.320	-14.136
5201.360	1.320	-14.648
5201.370	1.400	-14.648
5201.380	1.400	-14.941
5201.390	1.400	-15.601
5201.400	1.490	-15.601
5201.410	1.490	-16.040
5201.420	1.490	-16.479
5201.430	1.580	-16.479
5201.440	1.580	-17.212
5201.450	1.580	-17.358
5201.460	1.670	-17.358
5201.470	1.670	-17.944
5201.480	1.670	-18.604
5201.490	1.750	-18.604
5201.500	1.750	-18.896
5201.510	1.750	-19.336
5201.520	1.820	-19.336
5201.530	1.820	-19.775
5201.540	1.820	-20.361
5201.550	1.910	-20.361
5201.560	1.910	-20.728
5201.570	1.910	-21.313
5201.580	2.000	-21.313
5201.590	2.000	-21.387
5201.600	2.000	-21.826
5201.610	2.070	-22.192
5201.620	2.070	-22.778
5201.630	2.070	-22.778
5201.640	2.170	-23.145
5201.650	2.170	-23.437
5201.660	2.170	-23.657
5201.670	2.230	-24.023
5201.680	2.230	-24.097
5201.690	2.230	-24.463
5201.700	2.310	-24.902
5201.710	2.310	-25.269
5201.720	2.310	-25.342
5201.730	2.380	-25.854
5201.740	2.380	-25.928
5201.750	2.380	-26.147
5201.760	2.460	-26.733
5201.770	2.460	-26.880
5201.780	2.460	-27.246
5201.790	2.530	-27.319
5201.800	2.530	-27.393
5201.810	2.530	-27.832
5201.820	2.620	-28.125
5201.830	2.620	-28.271
5201.840	2.620	-28.638
5201.850	2.660	-29.150
5201.860	2.660	-29.150
5201.870	2.660	-29.297
5201.880	2.750	-29.663
5201.890	2.750	-30.176
5201.900	2.750	-30.249
5201.910	2.790	-30.249
5201.920	2.790	-30.688
5201.930	2.790	-30.762
5201.940	2.850	-31.128
5201.950	2.850	-31.274
5201.960	2.850	-31.348
5201.970	2.950	-31.787
5201.980	2.950	-31.860
5201.990	2.950	-32.227
5202.000	2.980	-32.520
5202.010	2.980	-32.520
5202.020	2.980	-32.812
5202.030	3.020	-33.325
5202.040	3.020	-33.325
5202.050	3.020	-33.252
5202.060	3.110	-33.911
5202.070	3.110	-33.838
5202.080	3.110	-34.131
5202.090	3.140	-34.058
5202.100	3.140	-34.570
5202.110	3.140	-34.644
5202.120	3.170	-34.863
5202.130	3.170	-34.644
5202.140	3.170	-35.303
5202.150	3.230	-35.522
5202.160	3.230	-35.303
5202.170	3.230	-35.596
5202.180	3.260	-35.962
5202.190	3.260	-36.255
5202.200	3.260	-35.889
5202.210	3.300	-36.328
5202.220	3.300	-36.182
5202.230	3.300	-36.768
5202.240	3.330	-36.621
5202.250	3.330	-36.694
5202.260	3.330	-36.914
5202.270	3.330	-36.987
5202.280	3.330	-36.987
5202.290	3.330	-36.914
5202.300	3.380	-37.280
5202.310	3.380	-37.280
5202.320	3.380	-37.427
5202.330	3.410	-37.573
5202.340	3.410	-37.427
5202.350	3.410	-37.573
5202.360	3.410	-37.646
5202.370	3.410	-37.646
5202.380	3.410	-37.720
5202.390	3.420	-37.939
5202.400	3.420	-37.646
5202.410	3.420	-37.720
5202.420	3.400	-37.793
5202.430	3.400	-37.573
5202.440	3.400	-37.866
5202.450	3.410	-37.793
5202.460	3.410	-37.646
5202.470	3.410	-37.720
5202.480	3.400	-37.720
5202.490	3.400	-37.646
5202.500	3.400	-37.646
5202.510	3.380	-37.793
5202.520	3.380	-37.500
5202.530	3.380	-37.500
5202.540	3.380	-37.354
5202.550	3.380	-37.280
5202.560	3.380	-37.280
5202.570	3.340	-37.280
5202.580	3.340	-37.134
5202.590	3.340	-36.694
5202.600	3.310	-36.987
5202.610	3.310	-36.475
5202.620	3.310	-36.694
5202.630	3.270	-36.768
5202.640	3.270	-36.108
5202.650	3.270	-36.328
5202.660	3.240	-36.108
5202.670	3.240	-36.182
5202.680	3.240	-35.596
5202.690	3.210	-35.742
5202.700	3.210	-35.376
5202.710	3.210	-35.449
5202.720	3.150	-35.010
5202.730	3.150	-34.424
5202.740	3.150	-34.863
5202.750	3.080	-34.351
5202.760	3.080	-34.204
5202.770	3.080	-33.691
5202.780	3.030	-33.691
5202.790	3.030	-33.472
5202.800	3.030	-33.179
5202.810	2.980	-33.179
5202.820	2.980	-32.812
5202.830	2.980	-32.593
5202.840	2.890	-32.373
5202.850	2.890	-32.080
5202.860	2.890	-31.567
5202.870	2.790	-31.860
5202.880	2.790	-31.421
5202.890	2.790	-30.835
5202.900	2.740	-30.762
5202.910	2.740	-30.249
5202.920	2.740	-30.249
5202.930	2.660	-29.810
5202.940	2.660	-29.224
5202.950	2.660	-29.004
5202.960	2.530	-29.077
5202.970	2.530	-28.345
5202.980	2.530	-28.052
5202.990	2.490	-27.979
5203.000	2.490	-27.466
5203.010	2.490	-27.100
5203.020	2.410	-26.660
5203.030	2.410	-26.367
5203.040	2.410	-26.074
5203.050	2.230	-25.854
5203.060	2.230	-25.342
5203.070	2.230	-24.756
5203.080	2.170	-24.683
5203.090	2.170	-24.170
5203.100	2.170	-23.877
5203.110	2.080	-23.437
5203.120	2.080	-23.071
5203.130	2.080	-22.925
5203.140	1.970	-22.485
5203.150	1.970	-22.119
5203.160	1.970	-21.460
5203.170	1.850	-21.167
5203.180	1.850	-20.581
5203.190	1.850	-20.288
5203.200	1.720	-20.068
5203.210	1.720	-19.336
5203.220	1.720	-18.823
5203.230	1.610	-18.530
5203.240	1.610	-18.018
5203.250	1.610	-17.358
5203.260	1.440	-17.285
5203.270	1.440	-16.626
5203.280	1.440	-16.187
5203.290	1.360	-16.040
5203.300	1.360	-15.088
5203.310	1.360	-15.015
5203.320	1.240	-14.502
5203.330	1.240	-13.916
5203.340	1.240	-13.257
5203.350	1.100	-13.110
5203.360	1.100	-12.305
5203.370	1.100	-12.305
5203.380	0.960	-11.792
5203.390	0.960	-10.767
5203.400	0.960	-10.693
5203.410	0.830	-10.034
5203.420	0.830	-9.668
5203.430	0.830	-9.229
5203.440	0.710	-8.862
5203.450	0.710	-7.983
5203.460	0.710	-7.031
5203.470	0.570	-7.031
5203.480	0.570	-6.592
5203.490	0.570	-6.152
5203.500	0.430	-5.566
5203.510	0.430	-5.054
5203.520	0.430	-4.614
5203.530	0.290	-4.102
5203.540	0.290	-3.735
5203.550	0.290	-3.442
5203.560	0.150	-3.003
5203.570	0.150	-2.344
5203.580	0.150	-1.904
5203.590	0.040	-1.538
5203.600	0.040	-1.025
5203.610	0.040	-0.586
5203.620	-0.060	0.000
5203.630	-0.060	0.659
5203.640	-0.060	1.099
5203.650	-0.190	1.538
5203.660	-0.190	1.904
5203.670	-0.190	2.271
5203.680	-0.300	2.856
5203.690	-0.300	3.296
5203.700	-0.300	3.589
5203.710	-0.420	3.809
5203.720	-0.420	4.102
5203.730	-0.420	4.614
5203.740	-0.530	4.980
5203.750	-0.530	5.347
5203.760	-0.530	5.933
5203.770	-0.630	6.299
5203.780	-0.630	6.445
5203.790	-0.630	7.031
5203.800	-0.730	7.471
5203.810	-0.730	8.130
5203.820	-0.730	8.423
5203.830	-0.840	8.496
5203.840	-0.840	9.155
5203.850	-0.840	9.448
5203.860	-0.950	9.814
5203.870	-0.950	10.107
5203.880	-0.950	10.840
5203.890	-1.070	11.060
5203.900	-1.070	11.353
5203.910	-1.070	11.646
5203.920	-1.170	12.158
5203.930	-1.170	12.744
5203.940	-1.170	12.671
5203.950	-1.270	13.477
5203.960	-1.270	13.843
5203.970	-1.270	14.062
5203.980	-1.380	14.429
5203.990	-1.380	14.795
5204.000	-1.380	15.088
5204.010	-1.460	15.527
5204.020	-1.460	15.894
5204.030	-1.460	16.333
5204.040	-1.580	16.919
5204.050	-1.580	16.772
5204.060	-1.580	17.212
5204.070	-1.660	17.944
5204.080	-1.660	18.164
5204.090	-1.660	18.457
5204.100	-1.780	18.970
5204.110	-1.780	19.263
5204.120	-1.780	19.409
5204.130	-1.860	19.849
5204.140	-1.860	20.068
5204.150	-1.860	20.801
5204.160	-1.950	20.947
5204.170	-1.950	21.313
5204.180	-1.950	21.533
5204.190	-2.050	22.046
5204.200	-2.050	22.339
5204.210	-2.050	22.632
5204.220	-2.130	23.145
5204.230	-2.130	23.364
5204.240	-2.130	23.657
5204.250	-2.220	23.950
5204.260	-2.220	24.243
5204.270	-2.220	24.683
5204.280	-2.310	25.122
5204.290	-2.310	25.195
5204.300	-2.310	25.562
5204.310	-2.400	25.854
5204.320	-2.400	26.074
5204.330	-2.400	26.221
5204.340	-2.450	27.026
5204.350	-2.450	27.026
5204.360	-2.450	27.319
5204.370	-2.550	27.539
5204.380	-2.550	27.686
5204.390	-2.550	28.052
5204.400	-2.610	28.418
5204.410	-2.610	28.491
5204.420	-2.610	29.077
5204.430	-2.660	29.517
5204.440	-2.660	29.150
5204.450	-2.660	29.736
5204.460	-2.760	30.176
5204.470	-2.760	29.956
5204.480	-2.760	30.469
5204.490	-2.810	30.835
5204.500	-2.810	30.688
5204.510	-2.810	31.274
5204.520	-2.860	31.348
5204.530	-2.860	31.128
5204.540	-2.860	31.787
5204.550	-2.930	31.860
5204.560	-2.930	31.787
5204.570	-2.930	32.373
5204.580	-2.970	32.593
5204.590	-2.970	32.520
5204.600	-2.970	32.812
5204.610	-3.030	33.179
5204.620	-3.030	33.032
5204.630	-3.030	33.545
5204.640	-3.050	33.545
5204.650	-3.050	33.618
5204.660	-3.050	33.911
5204.670	-3.090	33.838
5204.680	-3.090	33.838
5204.690	-3.090	34.058
5204.700	-3.120	34.570
5204.710	-3.120	33.984
5204.720	-3.120	34.497
5204.730	-3.130	34.497
5204.740	-3.130	34.644
5204.750	-3.130	34.497
5204.760	-3.170	34.937
5204.770	-3.170	35.010
5204.780	-3.170	35.010
5204.790	-3.170	34.863
5204.800	-3.170	34.937
5204.810	-3.170	35.229
5204.820	-3.170	35.376
5204.830	-3.170	35.083
5204.840	-3.170	35.229
5204.850	-3.180	35.522
5204.860	-3.180	35.156
5204.870	-3.180	35.010
5204.880	-3.180	35.376
5204.890	-3.180	35.376
5204.900	-3.180	35.303
5204.910	-3.170	35.156
5204.920	-3.170	34.937
5204.930	-3.170	35.303
5204.940	-3.140	35.229
5204.950	-3.140	34.790
5204.960	-3.140	35.083
5204.970	-3.120	35.303
5204.980	-3.120	34.863
5204.990	-3.120	34.717
5205.000	-3.100	34.790
5205.010	-3.100	34.790
5205.020	-3.100	34.644
5205.030	-3.080	34.497
5205.040	-3.080	34.351
5205.050	-3.080	34.570
5205.060	-3.040	33.984
5205.070	-3.040	34.058
5205.080	-3.040	33.765
5205.090	-3.000	34.058
5205.100	-3.000	33.472
5205.110	-3.000	33.472
5205.120	-2.960	33.472
5205.130	-2.960	33.032
5205.140	-2.960	32.959
5205.150	-2.910	32.959
5205.160	-2.910	32.593
5205.170	-2.910	32.520
5205.180	-2.870	32.520
5205.190	-2.870	31.860
5205.200	-2.870	32.080
5205.210	-2.820	31.934
5205.220	-2.820	31.421
5205.230	-2.820	31.421
5205.240	-2.750	31.128
5205.250	-2.750	30.615
5205.260	-2.750	30.762
5205.270	-2.690	30.469
5205.280	-2.690	30.103
5205.290	-2.690	30.103
5205.300	-2.630	29.517
5205.310	-2.630	29.443
5205.320	-2.630	29.517
5205.330	-2.570	29.077
5205.340	-2.570	28.711
5205.350	-2.570	28.418
5205.360	-2.490	28.345
5205.370	-2.490	27.686
5205.380	-2.490	27.686
5205.390	-2.410	27.393
5205.400	-2.410	27.100
5205.410	-2.410	26.294
5205.420	-2.330	26.294
5205.430	-2.330	26.074
5205.440	-2.330	25.635
5205.450	-2.250	25.854
5205.460	-2.250	25.122
5205.470	-2.250	25.049
5205.480	-2.180	24.463
5205.490	-2.180	24.390
5205.500	-2.180	24.023
5205.510	-2.090	23.877
5205.520	-2.090	23.511
5205.530	-2.090	23.364
5205.540	-2.000	23.071
5205.550	-2.000	22.485
5205.560	-2.000	22.339
5205.570	-1.910	21.899
5205.580	-1.910	21.606
5205.590	-1.910	21.021
5205.600	-1.810	20.947
5205.610	-1.810	20.288
5205.620	-1.810	20.068
5205.630	-1.710	19.629
5205.640	-1.710	19.116
5205.650	-1.710	18.896
5205.660	-1.600	18.677
5205.670	-1.600	18.091
5205.680	-1.600	17.871
5205.690	-1.490	17.798
5205.700	-1.490	16.919
5205.710	-1.490	16.699
5205.720	-1.410	16.333
5205.730	-1.410	15.601
5205.740	-1.410	15.747
5205.750	-1.270	15.088
5205.760	-1.270	14.575
5205.770	-1.270	14.136
5205.780	-1.150	13.843
5205.790	-1.150	13.110
5205.800	-1.150	13.110
5205.810	-1.090	12.378
5205.820	-1.090	12.158
5205.830	-1.090	11.938
5205.840	-0.920	11.279
5205.850	-0.920	10.840
5205.860	-0.920	10.181
5205.870	-0.820	10.254
5205.880	-0.820	9.521
5205.890	-0.820	9.155
5205.900	-0.690	8.862
5205.910	-0.690	8.496
5205.920	-0.690	7.690
5205.930	-0.580	7.251
5205.940	-0.580	6.885
5205.950	-0.580	6.592
5205.960	-0.460	6.299
5205.970	-0.460	5.640
5205.980	-0.460	5.127
5205.990	-0.320	4.761
5206.000	-0.320	4.102
5206.010	-0.320	3.735
5206.020	-0.190	3.516
5206.030	-0.190	3.076
5206.040	-0.190	2.417
5206.050	-0.030	1.904
5206.060	-0.030	1.392
5206.070	-0.030	0.806
5206.080	0.080	0.366
5206.090	0.080	-0.146
5206.100	0.080	-0.659
5206.110	0.210	-1.099
5206.120	0.210	-1.685
5206.130	0.210	-2.271
5206.140	0.340	-2.930
5206.150	0.340	-3.369
5206.160	0.340	-3.662
5206.170	0.460	-3.955
5206.180	0.460	-4.541
5206.190	0.460	-4.980
5206.200	0.580	-5.347
5206.210	0.580	-6.079
5206.220	0.580	-6.445
5206.230	0.710	-6.592
5206.240	0.710	-6.958
5206.250	0.710	-7.397
5206.260	0.810	-7.983
5206.270	0.810	-8.496
5206.280	0.810	-8.569
5206.290	0.890	-9.155
5206.300	0.890	-9.375
5206.310	0.890	-9.741
5206.320	0.990	-9.888
5206.330	0.990	-10.547
5206.340	0.990	-10.620
5206.350	1.080	-11.279
5206.360	1.080	-11.279
5206.370	1.080	-11.719
5206.380	1.170	-12.158
5206.390	1.170	-12.231
5206.400	1.170	-12.817
5206.410	1.270	-12.817
5206.420	1.270	-13.623
5206.430	1.270	-13.843
5206.440	1.360	-14.282
5206.450	1.360	-14.355
5206.460	1.360	-15.015
5206.470	1.450	-15.234
5206.480	1.450	-15.527
5206.490	1.450	-15.967
5206.500	1.530	-16.479
5206.510	1.530	-16.553
5206.520	1.530	-16.699
5206.530	1.620	-17.212
5206.540	1.620	-17.578
5206.550	1.620	-17.944
5206.560	1.730	-17.944
5206.570	1.730	-18.237
5206.580	1.730	-18.750
5206.590	1.810	-19.116
5206.600	1.810	-19.263
5206.610	1.810	-19.849
5206.620	1.880	-20.435
5206.630	1.880	-20.361
5206.640	1.880	-20.801
5206.650	1.980	-20.947
5206.660	1.980	-21.680
5206.670	1.980	-21.826
5206.680	2.050	-22.266
5206.690	2.050	-22.192
5206.700	2.050	-22.705
5206.710	2.150	-22.998
5206.720	2.150	-23.145
5206.730	2.150	-23.437
5206.740	2.210	-23.877
5206.750	2.210	-24.097
5206.760	2.210	-24.243
5206.770	2.300	-24.609
5206.780	2.300	-24.683
5206.790	2.300	-25.195
5206.800	2.360	-25.269
5206.810	2.360	-25.854
5206.820	2.360	-25.928
5206.830	2.450	-26.514
5206.840	2.450	-26.367
5206.850	2.450	-26.807
5206.860	2.520	-27.393
5206.870	2.520	-27.539
5206.880	2.520	-27.832
5206.890	2.580	-28.198
5206.900	2.580	-28.271
5206.910	2.580	-28.564
5206.920	2.670	-28.784
5206.930	2.670	-28.784
5206.940	2.670	-29.517
5206.950	2.720	-29.663
5206.960	2.720	-29.443
5206.970	2.720	-30.176
5206.980	2.770	-30.322
5206.990	2.770	-30.322
5207.000	2.770	-31.055
5207.010	2.860	-30.908
5207.020	2.860	-31.055
5207.030	2.860	-31.787
5207.040	2.890	-31.421
5207.050	2.890	-31.714
5207.060	2.890	-32.227
5207.070	2.930	-32.080
5207.080	2.930	-32.300
5207.090	2.930	-32.666
5207.100	3.000	-32.812
5207.110	3.000	-32.739
5207.120	3.000	-33.105
5207.130	3.040	-33.179
5207.140	3.040	-33.398
5207.150	3.040	-33.618
5207.160	3.080	-33.472
5207.170	3.080	-34.058
5207.180	3.080	-33.911
5207.190	3.100	-34.204
5207.200	3.100	-33.911
5207.210	3.100	-34.570
5207.220	3.120	-34.570
5207.230	3.120	-34.497
5207.240	3.120	-34.570
5207.250	3.190	-35.083
5207.260	3.190	-35.010
5207.270	3.190	-34.790
5207.280	3.200	-35.156
5207.290	3.200	-35.303
5207.300	3.200	-35.156
5207.310	3.210	-35.303
5207.320	3.210	-35.303
5207.330	3.210	-35.522
5207.340	3.210	-35.742
5207.350	3.210	-35.229
5207.360	3.210	-35.449
5207.370	3.220	-35.742
5207.380	3.220	-35.669
5207.390	3.220	-35.449
5207.400	3.240	-35.889
5207.410	3.240	-35.669
5207.420	3.240	-35.889
5207.430	3.220	-35.522
5207.440	3.220	-35.522
5207.450	3.220	-35.669
5207.460	3.230	-36.035
5207.470	3.230	-35.376
5207.480	3.230	-35.449
5207.490	3.200	-35.522
5207.500	3.200	-35.376
5207.510	3.200	-35.156
5207.520	3.170	-35.229
5207.530	3.170	-35.156
5207.540	3.170	-35.156
5207.550	3.160	-35.156
5207.560	3.160	-34.570
5207.570	3.160	-34.937
5207.580	3.130	-34.863
5207.590	3.130	-34.570
5207.600	3.130	-34.351
5207.610	3.100	-34.644
5207.620	3.100	-33.984
5207.630	3.100	-34.058
5207.640	3.050	-33.911
5207.650	3.050	-33.472
5207.660	3.050	-33.691
5207.670	2.990	-33.325
5207.680	2.990	-33.105
5207.690	2.990	-33.032
5207.700	2.950	-32.886
5207.710	2.950	-32.593
5207.720	2.950	-32.593
5207.730	2.910	-32.227
5207.740	2.910	-32.227
5207.750	2.910	-32.007
5207.760	2.830	-31.567
5207.770	2.830	-31.567
5207.780	2.830	-31.201
5207.790	2.750	-30.908
5207.800	2.750	-30.615
5207.810	2.750	-30.322
5207.820	2.700	-30.322
5207.830	2.700	-29.956
5207.840	2.700	-29.443
5207.850	2.650	-29.370
5207.860	2.650	-29.077
5207.870	2.650	-28.784
5207.880	2.530	-28.638
5207.890	2.530	-28.271
5207.900	2.530	-28.052
5207.910	2.450	-27.686
5207.920	2.450	-27.539
5207.930	2.450	-27.173
5207.940	2.420	-27.026
5207.950	2.420	-26.587
5207.960	2.420	-26.367
5207.970	2.270	-25.781
5207.980	2.270	-25.488
5207.990	2.270	-25.195
5208.000	2.150	-25.049
5208.010	2.150	-24.536
5208.020	2.150	-24.023
5208.030	2.150	-23.730
5208.040	2.150	-23.291
5208.050	2.150	-22.852
5208.060	1.970	-22.705
5208.070	1.970	-22.119
5208.080	1.970	-21.680
5208.090	1.890	-21.460
5208.100	1.890	-20.874
5208.110	1.890	-20.801
5208.120	1.780	-20.142
5208.130	1.780	-19.775
5208.140	1.780	-19.336
5208.150	1.670	-19.189
5208.160	1.670	-18.457
5208.170	1.670	-18.237
5208.180	1.550	-17.432
5208.190	1.550	-16.919
5208.200	1.550	-16.333
5208.210	1.440	-16.040
5208.220	1.440	-15.820
5208.230	1.440	-15.234
5208.240	1.310	-14.648
5208.250	1.310	-14.429
5208.260	1.310	-13.916
5208.270	1.190	-13.403
5208.280	1.190	-12.964
5208.290	1.190	-12.817
5208.300	1.070	-12.231
5208.310	1.070	-12.231
5208.320	1.070	-11.133
5208.330	0.940	-11.133
5208.340	0.940	-10.693
5208.350	0.940	-10.254
5208.360	0.810	-9.814
5208.370	0.810	-9.302
5208.380	0.810	-8.350
5208.390	0.680	-7.690
5208.400	0.680	-7.251
5208.410	0.680	-7.031
5208.420	0.560	-6.592
5208.430	0.560	-6.226
5208.440	0.560	-5.713
5208.450	0.440	-5.054
5208.460	0.440	-4.687
5208.470	0.440	-4.248
5208.480	0.300	-4.248
5208.490	0.300	-3.662
5208.500	0.300	-2.710
5208.510	0.160	-2.710
5208.520	0.160	-2.197
5208.530	0.160	-1.099
5208.540	0.020	-1.099
5208.550	0.020	-0.732
