% Time (s)	Gyro Output (rads/s)	Input Rate (RPM)	%8/27/20202:06 PM
0.000	0.000	0.000
4699.290	0.010	0.000
4699.300	0.010	0.000
4699.310	0.010	0.000
4699.320	0.010	0.000
4699.330	0.010	0.000
4699.340	0.010	0.000
4699.350	0.010	0.000
4699.360	0.010	0.000
4699.370	0.010	0.000
4699.380	-0.010	0.000
4699.390	-0.010	0.073
4699.400	-0.010	0.146
4699.410	-0.040	0.220
4699.420	-0.040	0.293
4699.430	-0.040	0.366
4699.440	-0.080	0.513
4699.450	-0.080	0.586
4699.460	-0.080	0.806
4699.470	-0.120	0.952
4699.480	-0.120	1.245
4699.490	-0.120	1.465
4699.500	-0.160	1.685
4699.510	-0.160	1.831
4699.520	-0.160	1.978
4699.530	-0.200	2.124
4699.540	-0.200	2.197
4699.550	-0.200	2.417
4699.560	-0.240	2.563
4699.570	-0.240	2.783
4699.580	-0.240	2.930
4699.590	-0.280	2.930
4699.600	-0.280	2.930
4699.610	-0.280	3.003
4699.620	-0.320	3.223
4699.630	-0.320	3.516
4699.640	-0.320	3.809
4699.650	-0.360	4.028
4699.660	-0.360	4.028
4699.670	-0.360	4.102
4699.680	-0.410	4.321
4699.690	-0.410	4.541
4699.700	-0.410	4.614
4699.710	-0.450	4.761
4699.720	-0.450	4.834
4699.730	-0.450	5.127
4699.740	-0.490	5.200
4699.750	-0.490	5.127
4699.760	-0.490	5.420
4699.770	-0.520	5.640
4699.780	-0.520	5.493
4699.790	-0.520	5.786
4699.800	-0.540	5.786
4699.810	-0.540	6.152
4699.820	-0.540	6.079
4699.830	-0.560	6.079
4699.840	-0.560	6.226
4699.850	-0.560	6.299
4699.860	-0.580	6.299
4699.870	-0.580	6.299
4699.880	-0.580	6.738
4699.890	-0.610	6.738
4699.900	-0.610	6.738
4699.910	-0.610	6.738
4699.920	-0.620	6.738
4699.930	-0.620	6.738
4699.940	-0.620	6.958
4699.950	-0.630	6.958
4699.960	-0.630	7.104
4699.970	-0.630	7.104
4699.980	-0.630	7.104
4699.990	-0.630	7.031
4700.000	-0.630	7.031
4700.010	-0.630	7.031
4700.020	-0.630	7.104
4700.030	-0.630	7.178
4700.040	-0.630	7.178
4700.050	-0.630	7.031
4700.060	-0.630	6.812
4700.070	-0.610	6.812
4700.080	-0.610	6.958
4700.090	-0.610	7.031
4700.100	-0.600	7.031
4700.110	-0.600	6.958
4700.120	-0.600	6.665
4700.130	-0.590	6.665
4700.140	-0.590	6.445
4700.150	-0.590	6.665
4700.160	-0.550	6.665
4700.170	-0.550	6.519
4700.180	-0.550	6.152
4700.190	-0.510	6.152
4700.200	-0.510	6.006
4700.210	-0.510	5.420
4700.220	-0.470	5.420
4700.230	-0.470	5.493
4700.240	-0.470	5.273
4700.250	-0.420	5.273
4700.260	-0.420	5.054
4700.270	-0.420	4.834
4700.280	-0.390	4.834
4700.290	-0.390	4.541
4700.300	-0.390	4.395
4700.310	-0.340	4.395
4700.320	-0.340	4.175
4700.330	-0.340	3.442
4700.340	-0.280	3.442
4700.350	-0.280	3.149
4700.360	-0.280	2.930
4700.370	-0.220	2.930
4700.380	-0.220	2.783
4700.390	-0.220	2.271
4700.400	-0.150	2.271
4700.410	-0.150	2.124
4700.420	-0.150	1.758
4700.430	-0.080	1.758
4700.440	-0.080	1.611
4700.450	-0.080	1.172
4700.460	-0.020	1.172
4700.470	-0.020	0.806
4700.480	-0.020	0.220
4700.490	0.050	0.220
4700.500	0.050	-0.073
4700.510	0.050	-0.806
4700.520	0.130	-0.806
4700.530	0.130	-1.099
4700.540	0.130	-1.392
4700.550	0.200	-1.611
4700.560	0.200	-1.831
4700.570	0.200	-1.978
4700.580	0.270	-2.197
4700.590	0.270	-2.344
4700.600	0.270	-2.563
4700.610	0.310	-2.783
4700.620	0.310	-2.930
4700.630	0.310	-3.003
4700.640	0.350	-3.076
4700.650	0.350	-3.296
4700.660	0.350	-3.662
4700.670	0.380	-3.955
4700.680	0.380	-4.175
4700.690	0.380	-4.248
4700.700	0.410	-4.248
4700.710	0.410	-4.321
4700.720	0.410	-4.614
4700.730	0.440	-4.614
4700.740	0.440	-4.687
4700.750	0.440	-4.834
4700.760	0.480	-4.980
4700.770	0.480	-4.980
4700.780	0.480	-4.980
4700.790	0.510	-5.054
4700.800	0.510	-5.347
4700.810	0.510	-5.493
4700.820	0.540	-5.493
4700.830	0.540	-5.566
4700.840	0.540	-6.079
4700.850	0.560	-6.079
4700.860	0.560	-5.786
4700.870	0.560	-5.859
4700.880	0.580	-6.226
4700.890	0.580	-6.372
4700.900	0.580	-6.226
4700.910	0.580	-6.299
4700.920	0.580	-6.445
4700.930	0.580	-6.372
4700.940	0.580	-6.006
4700.950	0.580	-6.079
4700.960	0.580	-6.372
4700.970	0.580	-6.299
4700.980	0.580	-6.079
4700.990	0.580	-6.372
4701.000	0.570	-6.445
4701.010	0.570	-6.152
4701.020	0.570	-6.006
4701.030	0.560	-6.226
4701.040	0.560	-6.226
4701.050	0.560	-6.079
4701.060	0.550	-6.006
4701.070	0.550	-6.226
4701.080	0.550	-6.152
4701.090	0.520	-5.640
4701.100	0.520	-5.493
4701.110	0.520	-5.640
4701.120	0.490	-5.640
4701.130	0.490	-5.347
4701.140	0.490	-5.273
4701.150	0.460	-5.273
4701.160	0.460	-5.273
4701.170	0.460	-4.980
4701.180	0.430	-4.834
4701.190	0.430	-4.761
4701.200	0.430	-4.687
4701.210	0.390	-4.468
4701.220	0.390	-4.395
4701.230	0.390	-4.321
4701.240	0.350	-4.175
4701.250	0.350	-3.955
4701.260	0.350	-3.589
4701.270	0.300	-3.442
4701.280	0.300	-3.369
4701.290	0.300	-3.442
4701.300	0.240	-3.296
4701.310	0.240	-3.149
4701.320	0.240	-2.783
4701.330	0.200	-2.563
4701.340	0.200	-2.344
4701.350	0.200	-2.124
4701.360	0.140	-1.904
4701.370	0.140	-1.685
4701.380	0.140	-1.392
4701.390	0.060	-1.025
4701.400	0.060	-0.806
4701.410	0.060	-0.586
4701.420	0.000	-0.439
4701.430	0.000	-0.220
4701.440	0.000	-0.073
4701.450	-0.060	0.073
4701.460	-0.060	0.293
4701.470	-0.060	0.439
4701.480	-0.110	0.659
4701.490	-0.110	0.806
4701.500	-0.110	1.099
4701.510	-0.150	1.392
4701.520	-0.150	1.685
4701.530	-0.150	1.904
4701.540	-0.190	2.051
4701.550	-0.190	2.197
4701.560	-0.190	2.344
4701.570	-0.240	2.563
4701.580	-0.240	2.710
4701.590	-0.240	3.003
4701.600	-0.280	3.076
4701.610	-0.280	3.076
4701.620	-0.280	3.076
4701.630	-0.320	3.076
4701.640	-0.320	3.296
4701.650	-0.320	3.662
4701.660	-0.360	3.882
4701.670	-0.360	4.028
4701.680	-0.360	4.102
4701.690	-0.400	4.175
4701.700	-0.400	4.395
4701.710	-0.400	4.541
4701.720	-0.440	4.687
4701.730	-0.440	4.761
4701.740	-0.440	4.980
4701.750	-0.470	5.127
4701.760	-0.470	5.054
4701.770	-0.470	5.127
4701.780	-0.510	5.420
4701.790	-0.510	5.566
4701.800	-0.510	5.420
4701.810	-0.540	5.566
4701.820	-0.540	5.933
4701.830	-0.540	6.299
4701.840	-0.570	6.226
4701.850	-0.570	6.152
4701.860	-0.570	6.519
4701.870	-0.590	6.519
4701.880	-0.590	6.299
4701.890	-0.590	6.519
4701.900	-0.600	6.812
4701.910	-0.600	6.812
4701.920	-0.600	6.738
4701.930	-0.610	6.812
4701.940	-0.610	6.738
4701.950	-0.610	6.738
4701.960	-0.620	6.885
4701.970	-0.620	7.031
4701.980	-0.620	7.178
4701.990	-0.630	7.178
4702.000	-0.630	7.031
4702.010	-0.630	6.958
4702.020	-0.620	6.958
4702.030	-0.620	7.031
4702.040	-0.620	7.104
4702.050	-0.600	7.104
4702.060	-0.600	6.958
4702.070	-0.600	6.812
4702.080	-0.580	6.665
4702.090	-0.580	6.445
4702.100	-0.580	6.738
4702.110	-0.570	6.885
4702.120	-0.570	6.665
4702.130	-0.570	6.519
4702.140	-0.550	6.519
4702.150	-0.550	6.299
4702.160	-0.550	5.933
4702.170	-0.520	6.079
4702.180	-0.520	6.079
4702.190	-0.520	5.640
4702.200	-0.420	5.493
4702.210	-0.420	5.566
4702.220	-0.420	5.273
4702.230	-0.440	4.980
4702.240	-0.440	4.980
4702.250	-0.440	4.834
4702.260	-0.400	4.614
4702.270	-0.400	4.541
4702.280	-0.400	4.321
4702.290	-0.340	4.175
4702.300	-0.340	3.955
4702.310	-0.340	3.955
4702.320	-0.270	3.589
4702.330	-0.270	3.369
4702.340	-0.270	3.223
4702.350	-0.210	3.223
4702.360	-0.210	3.076
4702.370	-0.210	2.344
4702.380	-0.150	2.344
4702.390	-0.150	2.124
4702.400	-0.150	1.685
4702.410	-0.080	1.685
4702.420	-0.080	1.465
4702.430	-0.080	1.245
4702.440	-0.020	1.025
4702.450	-0.020	0.732
4702.460	-0.020	0.439
4702.470	0.050	0.220
4702.480	0.050	-0.073
4702.490	0.050	-0.293
4702.500	0.120	-0.586
4702.510	0.120	-0.879
4702.520	0.120	-1.172
4702.530	0.190	-1.392
4702.540	0.190	-1.611
4702.550	0.190	-1.831
4702.560	0.240	-2.051
4702.570	0.240	-2.271
4702.580	0.240	-2.490
4702.590	0.290	-2.856
4702.600	0.290	-3.003
4702.610	0.290	-3.149
4702.620	0.340	-3.149
4702.630	0.340	-3.223
4702.640	0.340	-3.442
4702.650	0.380	-3.809
4702.660	0.380	-3.955
4702.670	0.380	-4.028
4702.680	0.420	-4.175
4702.690	0.420	-4.175
4702.700	0.420	-4.468
4702.710	0.460	-4.614
4702.720	0.460	-4.687
4702.730	0.460	-4.834
4702.740	0.490	-5.054
4702.750	0.490	-5.054
4702.760	0.490	-5.127
4702.770	0.520	-5.347
4702.780	0.520	-5.640
4702.790	0.520	-5.713
4702.800	0.540	-5.566
4702.810	0.540	-5.566
4702.820	0.540	-5.933
4702.830	0.560	-6.152
4702.840	0.560	-6.006
4702.850	0.560	-6.152
4702.860	0.590	-6.445
4702.870	0.590	-6.372
4702.880	0.590	-6.079
4702.890	0.600	-6.226
4702.900	0.600	-6.445
4702.910	0.600	-6.519
4702.920	0.610	-6.519
4702.930	0.610	-6.738
4702.940	0.610	-6.738
4702.950	0.620	-6.592
4702.960	0.620	-6.519
4702.970	0.620	-6.665
4702.980	0.610	-6.738
4702.990	0.610	-6.665
4703.000	0.610	-6.812
4703.010	0.600	-6.738
4703.020	0.600	-6.519
4703.030	0.600	-6.226
4703.040	0.590	-6.445
4703.050	0.590	-6.445
4703.060	0.590	-6.299
4703.070	0.570	-6.445
4703.080	0.570	-6.445
4703.090	0.570	-6.299
4703.100	0.550	-5.859
4703.110	0.550	-6.006
4703.120	0.550	-6.079
4703.130	0.530	-6.006
4703.140	0.530	-5.713
4703.150	0.530	-5.640
4703.160	0.480	-5.786
4703.170	0.480	-5.347
4703.180	0.480	-5.127
4703.190	0.440	-4.980
4703.200	0.440	-4.907
4703.210	0.440	-4.687
4703.220	0.390	-4.541
4703.230	0.390	-4.395
4703.240	0.390	-4.248
4703.250	0.340	-4.028
4703.260	0.340	-3.589
4703.270	0.340	-3.516
4703.280	0.290	-3.589
4703.290	0.290	-3.516
4703.300	0.290	-3.369
4703.310	0.230	-3.149
4703.320	0.230	-2.856
4703.330	0.230	-2.563
4703.340	0.170	-2.417
4703.350	0.170	-2.197
4703.360	0.170	-1.978
4703.370	0.110	-1.758
4703.380	0.110	-1.318
4703.390	0.110	-1.025
4703.400	0.050	-0.806
4703.410	0.050	-0.586
4703.420	0.050	-0.439
4703.430	-0.010	-0.366
4703.440	-0.010	-0.146
4703.450	-0.010	0.000
4703.460	-0.050	0.146
4703.470	-0.050	0.293
4703.480	-0.050	0.439
4703.490	-0.100	0.586
4703.500	-0.100	0.659
4703.510	-0.100	0.879
4703.520	-0.140	1.172
4703.530	-0.140	1.465
4703.540	-0.140	1.758
4703.550	-0.190	1.978
4703.560	-0.190	2.124
4703.570	-0.190	2.344
4703.580	-0.230	2.417
4703.590	-0.230	2.563
4703.600	-0.230	2.856
4703.610	-0.280	3.076
4703.620	-0.280	3.149
4703.630	-0.280	3.223
4703.640	-0.310	3.149
4703.650	-0.310	3.369
4703.660	-0.310	3.369
4703.670	-0.360	3.735
4703.680	-0.360	3.955
4703.690	-0.360	4.102
4703.700	-0.410	4.175
4703.710	-0.410	4.321
4703.720	-0.410	4.541
4703.730	-0.460	4.687
4703.740	-0.460	4.834
4703.750	-0.460	5.054
4703.760	-0.500	5.420
4703.770	-0.500	5.347
4703.780	-0.500	5.420
4703.790	-0.530	5.640
4703.800	-0.530	5.933
4703.810	-0.530	5.859
4703.820	-0.550	5.786
4703.830	-0.550	5.933
4703.840	-0.550	6.299
4703.850	-0.570	6.372
4703.860	-0.570	6.152
4703.870	-0.570	6.445
4703.880	-0.600	6.519
4703.890	-0.600	6.372
4703.900	-0.600	6.445
4703.910	-0.620	6.812
4703.920	-0.620	6.958
4703.930	-0.620	7.031
4703.940	-0.630	7.031
4703.950	-0.630	6.958
4703.960	-0.630	6.958
4703.970	-0.620	6.958
4703.980	-0.620	7.104
4703.990	-0.620	7.178
4704.000	-0.620	7.178
4704.010	-0.620	6.958
4704.020	-0.620	6.885
4704.030	-0.610	6.738
4704.040	-0.610	6.885
4704.050	-0.610	7.031
4704.060	-0.600	7.031
4704.070	-0.600	6.958
4704.080	-0.600	6.812
4704.090	-0.590	6.665
4704.100	-0.590	6.445
4704.110	-0.590	6.665
4704.120	-0.570	6.665
4704.130	-0.570	6.592
4704.140	-0.570	6.299
4704.150	-0.550	6.299
4704.160	-0.550	6.226
4704.170	-0.550	5.859
4704.180	-0.510	5.786
4704.190	-0.510	6.006
4704.200	-0.510	6.006
4704.210	-0.460	5.566
4704.220	-0.460	5.347
4704.230	-0.460	5.347
4704.240	-0.410	5.200
4704.250	-0.410	4.907
4704.260	-0.410	4.761
4704.270	-0.370	4.614
4704.280	-0.370	4.395
4704.290	-0.370	4.028
4704.300	-0.320	3.955
4704.310	-0.320	3.809
4704.320	-0.320	3.809
4704.330	-0.270	3.516
4704.340	-0.270	3.223
4704.350	-0.270	3.076
4704.360	-0.210	2.856
4704.370	-0.210	2.710
4704.380	-0.210	2.563
4704.390	-0.140	2.417
4704.400	-0.140	1.978
4704.410	-0.140	1.685
4704.420	-0.070	1.465
4704.430	-0.070	1.245
4704.440	-0.070	1.025
4704.450	0.000	0.806
4704.460	0.000	0.586
4704.470	0.000	0.293
4704.480	0.070	0.000
4704.490	0.070	-0.293
4704.500	0.070	-0.513
4704.510	0.140	-0.732
4704.520	0.140	-1.025
4704.530	0.140	-1.245
4704.540	0.210	-1.465
4704.550	0.210	-1.758
4704.560	0.210	-2.124
4704.570	0.260	-2.417
4704.580	0.260	-2.563
4704.590	0.260	-2.710
4704.600	0.300	-2.783
4704.610	0.300	-2.930
4704.620	0.300	-3.076
4704.630	0.340	-3.296
4704.640	0.340	-3.516
4704.650	0.340	-3.662
4704.660	0.380	-3.589
4704.670	0.380	-3.589
4704.680	0.380	-3.882
4704.690	0.420	-4.175
4704.700	0.420	-4.395
4704.710	0.420	-4.541
4704.720	0.460	-4.614
4704.730	0.460	-4.761
4704.740	0.460	-4.907
4704.750	0.500	-4.980
4704.760	0.500	-5.127
4704.770	0.500	-5.493
4704.780	0.530	-5.493
4704.790	0.530	-5.420
4704.800	0.530	-5.420
4704.810	0.550	-5.640
4704.820	0.550	-5.859
4704.830	0.550	-5.859
4704.840	0.570	-5.859
4704.850	0.570	-6.226
4704.860	0.570	-6.299
4704.870	0.580	-6.006
4704.880	0.580	-6.006
4704.890	0.580	-6.299
4704.900	0.580	-6.445
4704.910	0.580	-6.372
4704.920	0.580	-6.519
4704.930	0.600	-6.665
4704.940	0.600	-6.519
4704.950	0.600	-6.226
4704.960	0.610	-6.445
4704.970	0.610	-6.592
4704.980	0.610	-6.592
4704.990	0.610	-6.665
4705.000	0.610	-6.738
4705.010	0.610	-6.665
4705.020	0.600	-6.445
4705.030	0.600	-6.445
4705.040	0.600	-6.665
4705.050	0.580	-6.592
4705.060	0.580	-6.445
4705.070	0.580	-6.519
4705.080	0.560	-6.445
4705.090	0.560	-6.006
4705.100	0.560	-5.859
4705.110	0.540	-6.079
4705.120	0.540	-5.933
4705.130	0.540	-5.713
4705.140	0.510	-5.566
4705.150	0.510	-5.786
4705.160	0.510	-5.640
4705.170	0.480	-5.273
4705.180	0.480	-5.127
4705.190	0.480	-5.127
4705.200	0.430	-5.200
4705.210	0.430	-4.907
4705.220	0.430	-4.834
4705.230	0.390	-4.614
4705.240	0.390	-4.395
4705.250	0.390	-4.028
4705.260	0.330	-3.882
4705.270	0.330	-3.882
4705.280	0.330	-3.809
4705.290	0.270	-3.589
4705.300	0.270	-3.149
4705.310	0.270	-2.856
4705.320	0.200	-2.637
4705.330	0.200	-2.417
4705.340	0.200	-2.197
4705.350	0.130	-1.904
4705.360	0.130	-1.611
4705.370	0.130	-1.245
4705.380	0.000	-0.952
4705.390	0.000	-0.732
4705.400	0.000	-0.586
4705.410	0.000	-0.439
4705.420	0.000	-0.220
4705.430	0.000	-0.073
4705.440	-0.050	0.073
4705.450	-0.050	0.293
4705.460	-0.050	0.439
4705.470	-0.110	0.586
4705.480	-0.110	0.732
4705.490	-0.110	0.952
4705.500	-0.170	1.245
4705.510	-0.170	1.611
4705.520	-0.170	1.904
4705.530	-0.220	2.124
4705.540	-0.220	2.344
4705.550	-0.220	2.417
4705.560	-0.270	2.710
4705.570	-0.270	2.930
4705.580	-0.270	3.296
4705.590	-0.320	3.442
4705.600	-0.320	3.516
4705.610	-0.320	3.516
4705.620	-0.370	3.516
4705.630	-0.370	3.735
4705.640	-0.370	4.175
4705.650	-0.420	4.395
4705.660	-0.420	4.468
4705.670	-0.420	4.614
4705.680	-0.450	4.834
4705.690	-0.450	4.980
4705.700	-0.450	5.054
4705.710	-0.490	5.127
4705.720	-0.490	5.493
4705.730	-0.490	5.640
4705.740	-0.530	5.493
4705.750	-0.530	5.640
4705.760	-0.530	6.006
4705.770	-0.560	6.079
4705.780	-0.560	5.859
4705.790	-0.560	6.079
4705.800	-0.600	6.592
4705.810	-0.600	6.738
4705.820	-0.600	6.738
4705.830	-0.620	6.885
4705.840	-0.620	6.885
4705.850	-0.620	6.885
4705.860	-0.640	7.031
4705.870	-0.640	7.104
4705.880	-0.640	7.251
4705.890	-0.650	7.471
4705.900	-0.650	7.178
4705.910	-0.650	7.178
4705.920	-0.660	7.397
4705.930	-0.660	7.397
4705.940	-0.660	7.471
4705.950	-0.670	7.764
4705.960	-0.670	7.471
4705.970	-0.670	7.397
4705.980	-0.670	7.544
4705.990	-0.670	7.471
4706.000	-0.670	7.471
4706.010	-0.670	7.690
4706.020	-0.670	7.544
4706.030	-0.670	7.324
4706.040	-0.670	7.324
4706.050	-0.670	7.397
4706.060	-0.670	7.471
4706.070	-0.650	7.544
4706.080	-0.650	7.544
4706.090	-0.650	7.251
4706.100	-0.630	7.104
4706.110	-0.630	7.031
4706.120	-0.630	7.104
4706.130	-0.600	7.104
4706.140	-0.600	7.031
4706.150	-0.600	6.885
4706.160	-0.580	6.665
4706.170	-0.580	6.445
4706.180	-0.580	6.226
4706.190	-0.550	6.519
4706.200	-0.550	6.592
4706.210	-0.550	6.299
4706.220	-0.500	5.933
4706.230	-0.500	5.933
4706.240	-0.500	5.859
4706.250	-0.440	5.347
4706.260	-0.440	5.200
4706.270	-0.440	5.054
4706.280	-0.380	4.907
4706.290	-0.380	4.541
4706.300	-0.380	4.321
4706.310	-0.320	4.248
4706.320	-0.320	3.955
4706.330	-0.320	3.589
4706.340	-0.260	3.369
4706.350	-0.260	3.296
4706.360	-0.260	3.149
4706.370	-0.200	3.149
4706.380	-0.200	2.856
4706.390	-0.200	2.490
4706.400	-0.130	2.197
4706.410	-0.130	1.978
4706.420	-0.130	1.758
4706.430	-0.060	1.611
4706.440	-0.060	1.318
4706.450	-0.060	1.099
4706.460	0.000	0.879
4706.470	0.000	0.513
4706.480	0.000	0.293
4706.490	0.060	0.073
4706.500	0.060	-0.146
4706.510	0.060	-0.513
4706.520	0.140	-0.806
4706.530	0.140	-1.099
4706.540	0.140	-1.392
4706.550	0.210	-1.611
4706.560	0.210	-1.831
4706.570	0.210	-1.978
4706.580	0.260	-2.271
4706.590	0.260	-2.563
4706.600	0.260	-2.930
4706.610	0.310	-3.076
4706.620	0.310	-3.149
4706.630	0.310	-3.223
4706.640	0.350	-3.223
4706.650	0.350	-3.369
4706.660	0.350	-3.735
4706.670	0.400	-4.028
4706.680	0.400	-4.028
4706.690	0.400	-4.248
4706.700	0.450	-4.248
4706.710	0.450	-4.614
4706.720	0.450	-4.761
4706.730	0.490	-4.907
4706.740	0.490	-5.054
4706.750	0.490	-5.420
4706.760	0.530	-5.420
4706.770	0.530	-5.420
4706.780	0.530	-6.006
4706.790	0.560	-6.006
4706.800	0.560	-5.713
4706.810	0.560	-5.859
4706.820	0.580	-5.859
4706.830	0.580	-6.299
4706.840	0.580	-6.152
4706.850	0.590	-6.152
4706.860	0.590	-6.519
4706.870	0.590	-6.445
4706.880	0.610	-6.445
4706.890	0.610	-6.299
4706.900	0.610	-6.738
4706.910	0.630	-6.738
4706.920	0.630	-6.738
4706.930	0.630	-6.885
4706.940	0.640	-6.885
4706.950	0.640	-6.812
4706.960	0.640	-6.812
4706.970	0.640	-6.812
4706.980	0.640	-6.885
4706.990	0.640	-7.031
4707.000	0.630	-7.031
4707.010	0.630	-6.958
4707.020	0.630	-6.665
4707.030	0.620	-6.665
4707.040	0.620	-6.812
4707.050	0.620	-6.738
4707.060	0.600	-6.738
4707.070	0.600	-6.812
4707.080	0.600	-6.519
4707.090	0.590	-6.519
4707.100	0.590	-6.372
4707.110	0.590	-6.372
4707.120	0.570	-6.372
4707.130	0.570	-6.226
4707.140	0.570	-6.226
4707.150	0.550	-6.372
4707.160	0.550	-5.713
4707.170	0.550	-5.640
4707.180	0.510	-5.786
4707.190	0.510	-5.786
4707.200	0.510	-5.347
4707.210	0.470	-5.200
4707.220	0.470	-5.127
4707.230	0.470	-4.907
4707.240	0.410	-4.907
4707.250	0.410	-4.687
4707.260	0.410	-4.321
4707.270	0.350	-4.321
4707.280	0.350	-4.102
4707.290	0.350	-3.516
4707.300	0.290	-3.516
4707.310	0.290	-3.296
4707.320	0.290	-3.003
4707.330	0.230	-3.003
4707.340	0.230	-2.637
4707.350	0.230	-2.197
4707.360	0.170	-2.197
4707.370	0.170	-2.051
4707.380	0.170	-1.758
4707.390	0.110	-1.465
4707.400	0.110	-1.245
4707.410	0.110	-0.952
4707.420	0.040	-0.952
4707.430	0.040	-0.659
4707.440	0.040	-0.513
4707.450	-0.010	-0.366
4707.460	-0.010	-0.146
4707.470	-0.010	0.000
4707.480	-0.050	0.146
4707.490	-0.050	0.366
4707.500	-0.050	0.513
4707.510	-0.100	0.659
4707.520	-0.100	0.879
4707.530	-0.100	1.172
4707.540	-0.150	1.392
4707.550	-0.150	1.611
4707.560	-0.150	1.758
4707.570	-0.190	1.904
4707.580	-0.190	2.051
4707.590	-0.190	2.124
4707.600	-0.240	2.197
4707.610	-0.240	2.490
4707.620	-0.240	2.783
4707.630	-0.290	2.856
4707.640	-0.290	3.003
4707.650	-0.290	3.149
4707.660	-0.340	3.296
4707.670	-0.340	3.589
4707.680	-0.340	3.882
4707.690	-0.380	4.102
4707.700	-0.380	4.248
4707.710	-0.380	4.248
4707.720	-0.430	4.395
4707.730	-0.430	4.687
4707.740	-0.430	4.761
4707.750	-0.460	4.907
4707.760	-0.460	5.127
4707.770	-0.460	5.273
4707.780	-0.490	5.273
4707.790	-0.490	5.273
4707.800	-0.490	5.493
4707.810	-0.520	5.859
4707.820	-0.520	5.786
4707.830	-0.520	5.640
4707.840	-0.540	5.933
4707.850	-0.540	6.079
4707.860	-0.540	6.006
4707.870	-0.550	5.859
4707.880	-0.550	6.152
4707.890	-0.550	6.445
4707.900	-0.560	6.445
4707.910	-0.560	6.299
4707.920	-0.560	6.519
4707.930	-0.580	6.519
4707.940	-0.580	6.299
4707.950	-0.580	6.665
4707.960	-0.590	6.665
4707.970	-0.590	6.738
4707.980	-0.590	6.592
4707.990	-0.590	6.665
4708.000	-0.590	6.592
4708.010	-0.590	6.445
4708.020	-0.580	6.445
4708.030	-0.580	6.665
4708.040	-0.580	6.665
4708.050	-0.560	6.519
4708.060	-0.560	6.445
4708.070	-0.560	6.445
4708.080	-0.550	6.226
4708.090	-0.550	5.933
4708.100	-0.550	6.226
4708.110	-0.530	6.372
4708.120	-0.530	6.079
4708.130	-0.530	5.859
4708.140	-0.510	6.006
4708.150	-0.510	5.566
4708.160	-0.510	5.566
4708.170	-0.470	5.420
4708.180	-0.470	5.493
4708.190	-0.470	5.640
4708.200	-0.420	5.347
4708.210	-0.420	5.054
4708.220	-0.420	4.980
4708.230	-0.390	4.834
4708.240	-0.390	4.614
4708.250	-0.390	4.468
4708.260	-0.330	4.395
4708.270	-0.330	4.175
4708.280	-0.330	3.882
4708.290	-0.270	3.442
4708.300	-0.270	3.076
4708.310	-0.270	2.930
4708.320	-0.200	2.856
4708.330	-0.200	2.637
4708.340	-0.200	2.344
4708.350	-0.140	2.197
4708.360	-0.140	1.978
4708.370	-0.140	1.831
4708.380	-0.060	1.611
4708.390	-0.060	1.392
4708.400	-0.060	1.245
4708.410	0.000	1.025
4708.420	0.000	0.659
4708.430	0.000	0.366
4708.440	0.070	0.000
4708.450	0.070	-0.439
4708.460	0.070	-0.732
4708.470	0.140	-1.025
4708.480	0.140	-1.245
4708.490	0.140	-1.465
4708.500	0.220	-1.611
4708.510	0.220	-1.831
4708.520	0.220	-2.051
4708.530	0.290	-2.271
4708.540	0.290	-2.563
4708.550	0.290	-2.783
4708.560	0.340	-2.930
4708.570	0.340	-3.076
4708.580	0.340	-3.296
4708.590	0.400	-3.735
4708.600	0.400	-4.175
4708.610	0.400	-4.395
4708.620	0.450	-4.541
4708.630	0.450	-4.687
4708.640	0.450	-4.834
4708.650	0.490	-4.980
4708.660	0.490	-5.127
4708.670	0.490	-5.347
4708.680	0.530	-5.713
4708.690	0.530	-5.640
4708.700	0.530	-5.493
4708.710	0.570	-5.640
4708.720	0.570	-5.933
4708.730	0.570	-6.152
4708.740	0.590	-6.079
4708.750	0.590	-6.372
4708.760	0.590	-6.592
4708.770	0.620	-6.519
4708.780	0.620	-6.372
4708.790	0.620	-6.665
4708.800	0.660	-6.885
4708.810	0.660	-7.031
4708.820	0.660	-7.251
4708.830	0.690	-7.178
4708.840	0.690	-7.251
4708.850	0.690	-7.251
4708.860	0.710	-7.251
4708.870	0.710	-7.544
4708.880	0.710	-7.837
4708.890	0.710	-7.690
4708.900	0.710	-7.617
4708.910	0.710	-7.837
4708.920	0.720	-7.617
4708.930	0.720	-7.837
4708.940	0.720	-8.130
4708.950	0.720	-7.910
4708.960	0.720	-7.837
4708.970	0.720	-7.983
4708.980	0.730	-7.764
4708.990	0.730	-7.764
4709.000	0.730	-8.203
4709.010	0.720	-7.910
4709.020	0.720	-7.837
4709.030	0.720	-7.983
4709.040	0.710	-7.690
4709.050	0.710	-7.764
4709.060	0.710	-8.057
4709.070	0.690	-7.690
4709.080	0.690	-7.544
4709.090	0.690	-7.617
4709.100	0.670	-7.324
4709.110	0.670	-7.251
4709.120	0.670	-7.471
4709.130	0.640	-7.251
4709.140	0.640	-7.104
4709.150	0.640	-6.885
4709.160	0.610	-6.738
4709.170	0.610	-6.738
4709.180	0.610	-6.665
4709.190	0.560	-6.445
4709.200	0.560	-6.445
4709.210	0.560	-6.372
4709.220	0.520	-5.859
4709.230	0.520	-5.493
4709.240	0.520	-5.493
4709.250	0.460	-5.566
4709.260	0.460	-5.200
4709.270	0.460	-4.980
4709.280	0.410	-4.834
4709.290	0.410	-4.614
4709.300	0.410	-4.468
4709.310	0.350	-4.321
4709.320	0.350	-4.248
4709.330	0.350	-4.102
4709.340	0.290	-3.809
4709.350	0.290	-3.369
4709.360	0.290	-3.149
4709.370	0.240	-3.003
4709.380	0.240	-2.783
4709.390	0.240	-2.197
4709.400	0.170	-1.978
4709.410	0.170	-1.978
4709.420	0.170	-1.758
4709.430	0.100	-1.611
4709.440	0.100	-1.465
4709.450	0.100	-1.318
4709.460	0.050	-1.099
4709.470	0.050	-0.879
4709.480	0.050	-0.732
4709.490	0.010	-0.586
4709.500	0.010	-0.293
4709.510	0.010	-0.073
4709.520	-0.040	0.146
4709.530	-0.040	0.366
4709.540	-0.040	0.659
4709.550	-0.090	0.806
4709.560	-0.090	0.952
4709.570	-0.090	1.099
4709.580	-0.140	1.245
4709.590	-0.140	1.392
4709.600	-0.140	1.538
4709.610	-0.180	1.611
4709.620	-0.180	1.685
4709.630	-0.180	1.831
4709.640	-0.220	2.051
4709.650	-0.220	2.271
4709.660	-0.220	2.490
4709.670	-0.250	2.637
4709.680	-0.250	2.783
4709.690	-0.250	3.003
4709.700	-0.300	3.149
4709.710	-0.300	3.516
4709.720	-0.300	3.662
4709.730	-0.340	3.735
4709.740	-0.340	3.589
4709.750	-0.340	3.589
4709.760	-0.380	3.735
4709.770	-0.380	4.102
4709.780	-0.380	4.248
4709.790	-0.420	4.321
4709.800	-0.420	4.395
4709.810	-0.420	4.541
4709.820	-0.450	4.687
4709.830	-0.450	4.761
4709.840	-0.450	4.907
4709.850	-0.470	5.127
4709.860	-0.470	5.347
4709.870	-0.470	5.273
4709.880	-0.500	5.347
4709.890	-0.500	5.493
4709.900	-0.500	5.713
4709.910	-0.520	5.566
4709.920	-0.520	5.493
4709.930	-0.520	5.640
4709.940	-0.530	6.006
4709.950	-0.530	6.006
4709.960	-0.530	5.786
4709.970	-0.530	5.786
4709.980	-0.530	6.006
4709.990	-0.530	5.933
4710.000	-0.530	5.713
4710.010	-0.530	5.786
4710.020	-0.530	6.152
4710.030	-0.530	6.152
4710.040	-0.530	5.933
4710.050	-0.530	6.006
4710.060	-0.520	6.152
4710.070	-0.520	5.933
4710.080	-0.520	5.640
4710.090	-0.500	5.640
4710.100	-0.500	5.933
4710.110	-0.500	5.933
4710.120	-0.470	5.566
4710.130	-0.470	5.420
4710.140	-0.470	5.493
4710.150	-0.440	5.273
4710.160	-0.440	4.980
4710.170	-0.440	4.980
4710.180	-0.420	4.980
4710.190	-0.420	4.980
4710.200	-0.420	4.834
4710.210	-0.380	4.687
4710.220	-0.380	4.541
4710.230	-0.380	4.102
4710.240	-0.340	4.102
4710.250	-0.340	4.102
4710.260	-0.340	4.028
4710.270	-0.290	4.028
4710.280	-0.290	3.809
4710.290	-0.290	3.076
4710.300	-0.240	3.076
4710.310	-0.240	2.783
4710.320	-0.240	2.563
4710.330	-0.200	2.563
4710.340	-0.200	2.417
4710.350	-0.200	1.978
4710.360	-0.140	1.978
4710.370	-0.140	1.831
4710.380	-0.140	1.538
4710.390	-0.080	1.538
4710.400	-0.080	1.392
4710.410	-0.080	1.025
4710.420	0.000	1.025
4710.430	0.000	0.732
4710.440	0.000	0.146
4710.450	0.060	0.146
4710.460	0.060	-0.220
4710.470	0.060	-0.586
4710.480	0.130	-0.806
4710.490	0.130	-1.099
4710.500	0.130	-1.245
4710.510	0.190	-1.465
4710.520	0.190	-1.685
4710.530	0.190	-1.831
4710.540	0.260	-1.978
4710.550	0.260	-2.197
4710.560	0.260	-2.490
4710.570	0.310	-2.637
4710.580	0.310	-2.856
4710.590	0.310	-2.930
4710.600	0.360	-3.223
4710.610	0.360	-3.662
4710.620	0.360	-3.955
4710.630	0.390	-4.102
4710.640	0.390	-4.175
4710.650	0.390	-4.175
4710.660	0.430	-4.321
4710.670	0.430	-4.541
4710.680	0.430	-4.614
4710.690	0.460	-4.834
4710.700	0.460	-4.980
4710.710	0.460	-5.054
4710.720	0.500	-5.054
4710.730	0.500	-5.127
4710.740	0.500	-5.273
4710.750	0.540	-5.713
4710.760	0.540	-5.640
4710.770	0.540	-5.640
4710.780	0.570	-6.006
4710.790	0.570	-6.226
4710.800	0.570	-6.152
4710.810	0.590	-6.006
4710.820	0.590	-6.299
4710.830	0.590	-6.519
4710.840	0.610	-6.592
4710.850	0.610	-6.519
4710.860	0.610	-6.812
4710.870	0.620	-6.738
4710.880	0.620	-6.445
4710.890	0.620	-6.519
4710.900	0.630	-6.738
4710.910	0.630	-6.738
4710.920	0.630	-6.812
4710.930	0.640	-6.885
4710.940	0.640	-6.885
4710.950	0.640	-6.738
4710.960	0.640	-6.812
4710.970	0.640	-6.885
4710.980	0.640	-6.958
4710.990	0.630	-7.104
4711.000	0.630	-6.958
4711.010	0.630	-6.885
4711.020	0.610	-6.592
4711.030	0.610	-6.592
4711.040	0.610	-6.592
4711.050	0.590	-6.665
4711.060	0.590	-6.592
4711.070	0.590	-6.665
4711.080	0.580	-6.592
4711.090	0.580	-6.079
4711.100	0.580	-6.152
4711.110	0.560	-6.299
4711.120	0.560	-6.226
4711.130	0.560	-6.006
4711.140	0.530	-6.226
4711.150	0.530	-6.152
4711.160	0.530	-5.713
4711.170	0.510	-5.493
4711.180	0.510	-5.347
4711.190	0.510	-5.566
4711.200	0.460	-5.347
4711.210	0.460	-5.127
4711.220	0.460	-4.980
4711.230	0.420	-4.907
4711.240	0.420	-4.614
4711.250	0.420	-4.468
4711.260	0.360	-4.468
4711.270	0.360	-4.248
4711.280	0.360	-4.102
4711.290	0.300	-3.735
4711.300	0.300	-3.516
4711.310	0.300	-3.296
4711.320	0.240	-3.149
4711.330	0.240	-3.003
4711.340	0.240	-2.637
4711.350	0.170	-2.344
4711.360	0.170	-2.124
4711.370	0.170	-1.978
4711.380	0.100	-1.831
4711.390	0.100	-1.538
4711.400	0.100	-1.318
4711.410	0.050	-1.099
4711.420	0.050	-0.879
4711.430	0.050	-0.586
4711.440	-0.010	-0.366
4711.450	-0.010	-0.146
4711.460	-0.010	0.073
4711.470	-0.060	0.293
4711.480	-0.060	0.513
4711.490	-0.060	0.732
4711.500	-0.110	0.952
4711.510	-0.110	1.172
4711.520	-0.110	1.392
4711.530	-0.160	1.611
4711.540	-0.160	1.758
4711.550	-0.160	1.831
4711.560	-0.280	2.051
4711.570	-0.280	2.124
4711.580	-0.280	2.417
4711.590	-0.260	2.710
4711.600	-0.260	2.856
4711.610	-0.260	3.003
4711.620	-0.310	3.149
4711.630	-0.310	3.296
4711.640	-0.310	3.589
4711.650	-0.360	3.955
4711.660	-0.360	4.028
4711.670	-0.360	4.175
4711.680	-0.410	4.102
4711.690	-0.410	4.102
4711.700	-0.410	4.468
4711.710	-0.450	4.614
4711.720	-0.450	4.687
4711.730	-0.450	4.907
4711.740	-0.470	5.127
4711.750	-0.470	5.054
4711.760	-0.470	5.127
4711.770	-0.500	5.273
4711.780	-0.500	5.713
4711.790	-0.500	5.713
4711.800	-0.530	5.713
4711.810	-0.530	5.859
4711.820	-0.530	6.079
4711.830	-0.560	6.079
4711.840	-0.560	5.859
4711.850	-0.560	6.152
4711.860	-0.580	6.519
4711.870	-0.580	6.592
4711.880	-0.580	6.445
4711.890	-0.610	6.592
4711.900	-0.610	6.592
4711.910	-0.610	6.519
4711.920	-0.620	6.738
4711.930	-0.620	6.958
4711.940	-0.620	7.104
4711.950	-0.630	7.178
4711.960	-0.630	7.031
4711.970	-0.630	7.031
4711.980	-0.640	7.031
4711.990	-0.640	7.031
4712.000	-0.640	7.178
4712.010	-0.630	7.251
4712.020	-0.630	7.104
4712.030	-0.630	7.031
4712.040	-0.620	6.885
4712.050	-0.620	7.031
4712.060	-0.620	7.031
4712.070	-0.610	7.104
4712.080	-0.610	7.104
4712.090	-0.610	7.031
4712.100	-0.600	6.885
4712.110	-0.600	6.738
4712.120	-0.600	6.592
4712.130	-0.580	6.738
4712.140	-0.580	6.738
4712.150	-0.580	6.519
4712.160	-0.540	6.372
4712.170	-0.540	6.299
4712.180	-0.540	6.079
4712.190	-0.500	5.713
4712.200	-0.500	5.713
4712.210	-0.500	5.933
4712.220	-0.460	5.786
4712.230	-0.460	5.420
4712.240	-0.460	5.347
4712.250	-0.420	5.347
4712.260	-0.420	5.127
4712.270	-0.420	4.834
4712.280	-0.380	4.687
4712.290	-0.380	4.541
4712.300	-0.380	4.321
4712.310	-0.330	3.955
4712.320	-0.330	3.882
4712.330	-0.330	3.735
4712.340	-0.270	3.589
4712.350	-0.270	3.296
4712.360	-0.270	2.930
4712.370	-0.200	2.856
4712.380	-0.200	2.637
4712.390	-0.200	2.490
4712.400	-0.130	2.271
4712.410	-0.130	1.978
4712.420	-0.130	1.611
4712.430	-0.060	1.318
4712.440	-0.060	1.025
4712.450	-0.060	0.806
4712.460	0.010	0.659
4712.470	0.010	0.366
4712.480	0.010	0.220
4712.490	0.080	-0.073
4712.500	0.080	-0.293
4712.510	0.080	-0.732
4712.520	0.150	-0.732
4712.530	0.150	-1.025
4712.540	0.150	-1.611
4712.550	0.220	-1.611
4712.560	0.220	-2.051
4712.570	0.220	-2.271
4712.580	0.280	-2.490
4712.590	0.280	-2.637
4712.600	0.280	-2.710
4712.610	0.320	-2.856
4712.620	0.320	-3.076
4712.630	0.320	-3.296
4712.640	0.360	-3.516
4712.650	0.360	-3.516
4712.660	0.360	-3.442
4712.670	0.390	-3.662
4712.680	0.390	-4.028
4712.690	0.390	-4.248
4712.700	0.420	-4.395
4712.710	0.420	-4.468
4712.720	0.420	-4.541
4712.730	0.450	-4.687
4712.740	0.450	-4.761
4712.750	0.450	-4.907
4712.760	0.480	-5.054
4712.770	0.480	-5.200
4712.780	0.480	-5.127
4712.790	0.520	-5.200
4712.800	0.520	-5.493
4712.810	0.520	-5.786
4712.820	0.540	-5.640
4712.830	0.540	-5.640
4712.840	0.540	-5.786
4712.850	0.570	-6.152
4712.860	0.570	-6.226
4712.870	0.570	-5.933
4712.880	0.580	-5.933
4712.890	0.580	-6.299
4712.900	0.580	-6.445
4712.910	0.590	-6.372
4712.920	0.590	-6.372
4712.930	0.590	-6.592
4712.940	0.580	-6.445
4712.950	0.580	-6.006
4712.960	0.580	-6.372
4712.970	0.580	-6.372
4712.980	0.580	-6.372
4712.990	0.580	-6.445
4713.000	0.580	-6.445
4713.010	0.580	-6.445
4713.020	0.580	-5.933
4713.030	0.570	-5.933
4713.040	0.570	-6.226
4713.050	0.570	-6.079
4713.060	0.550	-6.079
4713.070	0.550	-6.006
4713.080	0.550	-6.079
4713.090	0.530	-6.079
4713.100	0.530	-5.566
4713.110	0.530	-5.640
4713.120	0.500	-5.640
4713.130	0.500	-5.640
4713.140	0.500	-5.200
4713.150	0.460	-5.200
4713.160	0.460	-5.127
4713.170	0.460	-4.980
4713.180	0.430	-4.980
4713.190	0.430	-4.761
4713.200	0.430	-4.614
4713.210	0.390	-4.614
4713.220	0.390	-4.248
4713.230	0.390	-4.102
4713.240	0.340	-4.102
4713.250	0.340	-4.028
4713.260	0.340	-3.369
4713.270	0.290	-3.369
4713.280	0.290	-3.149
4713.290	0.290	-3.003
4713.300	0.240	-3.003
4713.310	0.240	-2.930
4713.320	0.240	-2.637
4713.330	0.190	-2.637
4713.340	0.190	-2.417
4713.350	0.190	-1.978
4713.360	0.130	-1.978
4713.370	0.130	-1.831
4713.380	0.130	-1.318
4713.390	0.060	-1.318
4713.400	0.060	-1.099
4713.410	0.060	-0.513
4713.420	-0.010	-0.513
4713.430	-0.010	-0.220
4713.440	-0.010	0.220
4713.450	-0.070	0.220
4713.460	-0.070	0.513
4713.470	-0.070	1.099
4713.480	-0.120	1.099
4713.490	-0.120	1.245
4713.500	-0.120	1.685
4713.510	-0.160	1.685
4713.520	-0.160	1.831
4713.530	-0.160	2.051
4713.540	-0.200	2.051
4713.550	-0.200	2.271
4713.560	-0.200	2.563
4713.570	-0.240	2.563
4713.580	-0.240	2.637
4713.590	-0.240	2.783
4713.600	-0.280	2.783
4713.610	-0.280	2.856
4713.620	-0.280	3.003
4713.630	-0.320	3.369
4713.640	-0.320	3.662
4713.650	-0.320	3.735
4713.660	-0.360	3.809
4713.670	-0.360	4.028
4713.680	-0.360	4.321
4713.690	-0.400	4.321
4713.700	-0.400	4.468
4713.710	-0.400	4.541
4713.720	-0.440	4.614
4713.730	-0.440	4.761
4713.740	-0.440	4.834
4713.750	-0.470	4.980
4713.760	-0.470	5.054
4713.770	-0.470	5.273
4713.780	-0.510	5.420
4713.790	-0.510	5.347
4713.800	-0.510	5.420
4713.810	-0.540	5.933
4713.820	-0.540	6.152
4713.830	-0.540	6.006
4713.840	-0.570	6.079
4713.850	-0.570	6.299
4713.860	-0.570	6.299
4713.870	-0.580	6.226
4713.880	-0.580	6.372
4713.890	-0.580	6.665
4713.900	-0.600	6.738
4713.910	-0.600	6.519
4713.920	-0.600	6.665
4713.930	-0.610	6.665
4713.940	-0.610	6.592
4713.950	-0.610	6.738
4713.960	-0.620	6.958
4713.970	-0.620	7.031
4713.980	-0.620	7.031
4713.990	-0.620	6.958
4714.000	-0.620	6.885
4714.010	-0.620	6.812
4714.020	-0.610	6.885
4714.030	-0.610	6.958
4714.040	-0.610	6.958
4714.050	-0.590	6.812
4714.060	-0.590	6.738
4714.070	-0.590	6.592
4714.080	-0.560	6.299
4714.090	-0.560	6.445
4714.100	-0.560	6.592
4714.110	-0.550	6.592
4714.120	-0.550	6.299
4714.130	-0.550	6.372
4714.140	-0.530	6.226
4714.150	-0.530	5.933
4714.160	-0.530	5.859
4714.170	-0.500	5.859
4714.180	-0.500	6.006
4714.190	-0.500	5.420
4714.200	-0.450	5.420
4714.210	-0.450	5.273
4714.220	-0.450	5.200
4714.230	-0.410	4.907
4714.240	-0.410	4.834
4714.250	-0.410	4.687
4714.260	-0.370	4.541
4714.270	-0.370	4.248
4714.280	-0.370	4.102
4714.290	-0.320	4.028
4714.300	-0.320	3.882
4714.310	-0.320	3.735
4714.320	-0.260	3.442
4714.330	-0.260	3.149
4714.340	-0.260	2.930
4714.350	-0.190	2.783
4714.360	-0.190	2.637
4714.370	-0.190	2.417
4714.380	-0.110	2.051
4714.390	-0.110	1.758
4714.400	-0.110	1.465
4714.410	-0.050	1.172
4714.420	-0.050	0.952
4714.430	-0.050	0.806
4714.440	0.020	0.586
4714.450	0.020	0.366
4714.460	0.020	0.073
4714.470	0.090	-0.220
4714.480	0.090	-0.513
4714.490	0.090	-0.732
4714.500	0.150	-0.879
4714.510	0.150	-1.099
4714.520	0.150	-1.685
4714.530	0.220	-1.978
4714.540	0.220	-1.978
4714.550	0.220	-2.417
4714.560	0.280	-2.637
4714.570	0.280	-2.783
4714.580	0.280	-2.930
4714.590	0.330	-3.076
4714.600	0.330	-3.296
4714.610	0.330	-3.589
4714.620	0.380	-3.809
4714.630	0.380	-3.882
4714.640	0.380	-3.955
4714.650	0.420	-3.955
4714.660	0.420	-4.321
4714.670	0.420	-4.468
4714.680	0.470	-4.614
4714.690	0.470	-4.687
4714.700	0.470	-4.907
4714.710	0.500	-5.054
4714.720	0.500	-5.054
4714.730	0.500	-5.200
4714.740	0.530	-5.566
4714.750	0.530	-5.713
4714.760	0.530	-5.493
4714.770	0.550	-5.566
4714.780	0.550	-5.859
4714.790	0.550	-6.152
4714.800	0.570	-6.152
4714.810	0.570	-6.152
4714.820	0.570	-6.519
4714.830	0.600	-6.592
4714.840	0.600	-6.226
4714.850	0.600	-6.299
4714.860	0.620	-6.592
4714.870	0.620	-6.665
4714.880	0.620	-6.665
4714.890	0.630	-6.958
4714.900	0.630	-6.885
4714.910	0.630	-6.812
4714.920	0.640	-6.738
4714.930	0.640	-6.885
4714.940	0.640	-7.031
4714.950	0.640	-7.178
4714.960	0.640	-7.031
4714.970	0.640	-7.031
4714.980	0.630	-6.885
4714.990	0.630	-6.738
4715.000	0.630	-6.812
4715.010	0.630	-6.885
4715.020	0.630	-6.885
4715.030	0.630	-6.885
4715.040	0.620	-6.812
4715.050	0.620	-6.445
4715.060	0.620	-6.592
4715.070	0.600	-6.592
4715.080	0.600	-6.519
4715.090	0.600	-6.372
4715.100	0.570	-6.592
4715.110	0.570	-6.372
4715.120	0.570	-6.006
4715.130	0.540	-5.786
4715.140	0.540	-5.859
4715.150	0.540	-5.933
4715.160	0.500	-5.566
4715.170	0.500	-5.420
4715.180	0.500	-5.566
4715.190	0.460	-5.493
4715.200	0.460	-5.127
4715.210	0.460	-4.980
4715.220	0.420	-4.834
4715.230	0.420	-4.687
4715.240	0.420	-4.614
4715.250	0.380	-4.395
4715.260	0.380	-4.321
4715.270	0.380	-4.175
4715.280	0.330	-3.735
4715.290	0.330	-3.442
4715.300	0.330	-3.296
4715.310	0.280	-3.296
4715.320	0.280	-3.369
4715.330	0.280	-3.223
4715.340	0.220	-2.856
4715.350	0.220	-2.637
4715.360	0.220	-2.344
4715.370	0.150	-2.124
4715.380	0.150	-1.978
4715.390	0.150	-1.758
4715.400	0.080	-1.465
4715.410	0.080	-1.172
4715.420	0.080	-0.806
4715.430	0.010	-0.513
4715.440	0.010	-0.366
4715.450	0.010	-0.073
4715.460	-0.050	0.073
4715.470	-0.050	0.220
4715.480	-0.050	0.513
4715.490	-0.100	0.806
4715.500	-0.100	1.025
4715.510	-0.100	1.318
4715.520	-0.150	1.538
4715.530	-0.150	1.758
4715.540	-0.150	1.978
4715.550	-0.190	2.051
4715.560	-0.190	2.271
4715.570	-0.190	2.417
4715.580	-0.240	2.563
4715.590	-0.240	2.783
4715.600	-0.240	2.930
4715.610	-0.280	2.930
4715.620	-0.280	2.930
4715.630	-0.280	2.930
4715.640	-0.320	3.149
4715.650	-0.320	3.442
4715.660	-0.320	3.735
4715.670	-0.350	3.955
4715.680	-0.350	3.955
4715.690	-0.350	3.955
4715.700	-0.390	4.175
4715.710	-0.390	4.395
4715.720	-0.390	4.541
4715.730	-0.420	4.687
4715.740	-0.420	4.687
4715.750	-0.420	4.907
4715.760	-0.470	4.907
4715.770	-0.470	4.980
4715.780	-0.470	5.127
4715.790	-0.500	5.493
4715.800	-0.500	5.420
4715.810	-0.500	5.420
4715.820	-0.540	5.640
4715.830	-0.540	6.079
4715.840	-0.540	6.226
4715.850	-0.560	6.079
4715.860	-0.560	6.226
4715.870	-0.560	6.372
4715.880	-0.570	6.445
4715.890	-0.570	6.152
4715.900	-0.570	6.519
4715.910	-0.590	6.665
4715.920	-0.590	6.665
4715.930	-0.590	6.592
4715.940	-0.610	6.738
4715.950	-0.610	6.665
4715.960	-0.610	6.592
4715.970	-0.610	6.885
4715.980	-0.610	6.958
4715.990	-0.610	7.031
4716.000	-0.610	6.958
4716.010	-0.610	6.958
4716.020	-0.610	6.812
4716.030	-0.600	6.665
4716.040	-0.600	6.812
4716.050	-0.600	6.885
4716.060	-0.580	6.812
4716.070	-0.580	6.592
4716.080	-0.580	6.592
4716.090	-0.570	6.519
4716.100	-0.570	6.226
4716.110	-0.570	6.372
4716.120	-0.540	6.592
4716.130	-0.540	6.445
4716.140	-0.540	6.079
4716.150	-0.520	6.226
4716.160	-0.520	6.079
4716.170	-0.520	5.713
4716.180	-0.490	5.493
4716.190	-0.490	5.493
4716.200	-0.490	5.640
4716.210	-0.460	5.347
4716.220	-0.460	5.054
4716.230	-0.460	4.980
4716.240	-0.410	4.614
4716.250	-0.410	4.614
4716.260	-0.410	4.614
4716.270	-0.360	4.541
4716.280	-0.360	4.321
4716.290	-0.360	4.028
4716.300	-0.290	3.662
4716.310	-0.290	3.369
4716.320	-0.290	3.296
4716.330	-0.240	3.223
4716.340	-0.240	3.003
4716.350	-0.240	2.783
4716.360	-0.170	2.417
4716.370	-0.170	2.271
4716.380	-0.170	2.124
4716.390	-0.100	1.978
4716.400	-0.100	1.685
4716.410	-0.100	1.465
4716.420	-0.030	1.172
4716.430	-0.030	0.806
4716.440	-0.030	0.586
4716.450	0.040	0.220
4716.460	0.040	0.073
4716.470	0.040	-0.220
4716.480	0.110	-0.513
4716.490	0.110	-0.879
4716.500	0.110	-1.172
4716.510	0.190	-1.465
4716.520	0.190	-1.758
4716.530	0.190	-1.978
4716.540	0.250	-2.271
4716.550	0.250	-2.344
4716.560	0.250	-2.637
4716.570	0.310	-2.856
4716.580	0.310	-3.149
4716.590	0.310	-3.223
4716.600	0.370	-3.369
4716.610	0.370	-3.442
4716.620	0.370	-3.662
4716.630	0.410	-4.102
4716.640	0.410	-4.248
4716.650	0.410	-4.395
4716.660	0.450	-4.468
4716.670	0.450	-4.614
4716.680	0.450	-4.761
4716.690	0.480	-4.907
4716.700	0.480	-5.200
4716.710	0.480	-5.493
4716.720	0.510	-5.493
4716.730	0.510	-5.347
4716.740	0.510	-5.347
4716.750	0.540	-5.640
4716.760	0.540	-5.859
4716.770	0.540	-5.933
4716.780	0.560	-5.859
4716.790	0.560	-6.152
4716.800	0.560	-6.445
4716.810	0.590	-6.299
4716.820	0.590	-6.006
4716.830	0.590	-6.372
4716.840	0.620	-6.592
4716.850	0.620	-6.519
4716.860	0.620	-6.812
4716.870	0.640	-6.958
4716.880	0.640	-6.885
4716.890	0.640	-6.738
4716.900	0.650	-6.885
4716.910	0.650	-6.958
4716.920	0.650	-7.178
4716.930	0.650	-7.178
4716.940	0.650	-7.104
4716.950	0.650	-7.031
4716.960	0.650	-6.885
4716.970	0.650	-6.885
4716.980	0.650	-6.958
4716.990	0.640	-7.104
4717.000	0.640	-7.031
4717.010	0.640	-7.031
4717.020	0.630	-6.885
4717.030	0.630	-6.738
4717.040	0.630	-6.812
4717.050	0.620	-6.812
4717.060	0.620	-6.665
4717.070	0.620	-6.665
4717.080	0.590	-6.665
4717.090	0.590	-6.372
4717.100	0.590	-6.226
4717.110	0.570	-6.226
4717.120	0.570	-6.152
4717.130	0.570	-5.933
4717.140	0.530	-5.933
4717.150	0.530	-6.152
4717.160	0.530	-5.493
4717.170	0.500	-5.493
4717.180	0.500	-5.420
4717.190	0.500	-5.420
4717.200	0.460	-5.420
4717.210	0.460	-5.127
4717.220	0.460	-4.907
4717.230	0.420	-4.907
4717.240	0.420	-4.687
4717.250	0.420	-4.395
4717.260	0.380	-4.395
4717.270	0.380	-4.321
4717.280	0.380	-3.809
4717.290	0.320	-3.809
4717.300	0.320	-3.442
4717.310	0.320	-3.076
4717.320	0.260	-3.076
4717.330	0.260	-2.856
4717.340	0.260	-2.271
4717.350	0.190	-2.271
4717.360	0.190	-2.051
4717.370	0.190	-1.685
4717.380	0.120	-1.685
4717.390	0.120	-1.465
4717.400	0.120	-1.099
4717.410	0.050	-1.099
4717.420	0.050	-0.879
4717.430	0.050	-0.293
4717.440	-0.010	-0.293
4717.450	-0.010	-0.073
4717.460	-0.010	0.513
4717.470	-0.070	0.513
4717.480	-0.070	0.806
4717.490	-0.070	1.172
4717.500	-0.130	1.172
4717.510	-0.130	1.318
4717.520	-0.130	1.611
4717.530	-0.180	1.611
4717.540	-0.180	1.758
4717.550	-0.180	2.051
4717.560	-0.230	2.051
4717.570	-0.230	2.271
4717.580	-0.230	2.710
4717.590	-0.270	2.710
4717.600	-0.270	2.856
4717.610	-0.270	3.296
4717.620	-0.320	3.296
4717.630	-0.320	3.589
4717.640	-0.320	3.809
4717.650	-0.360	4.028
4717.660	-0.360	4.028
4717.670	-0.360	4.028
4717.680	-0.400	4.175
4717.690	-0.400	4.468
4717.700	-0.400	4.541
4717.710	-0.430	4.687
4717.720	-0.430	4.834
4717.730	-0.430	4.980
4717.740	-0.460	4.980
4717.750	-0.460	4.980
4717.760	-0.460	5.200
4717.770	-0.490	5.493
