%Time [ms]	Commanded Torque [mNm]	Angular Velocity [RPM]	Actual Current [Amp]	%8/27/20202:32 PM
0.000	0.000	0.000	0.000
20.000	8.000	-23.437	-0.035
30.000	8.000	-23.437	-0.035
40.000	8.000	17.578	-0.038
50.000	8.000	17.578	-0.038
60.000	8.000	17.578	-0.038
70.000	8.000	-23.437	-0.034
80.000	8.000	-23.437	-0.034
90.000	8.000	-23.437	-0.034
100.000	8.000	-1.953	-0.028
110.000	8.000	-1.953	-0.028
120.000	8.000	-1.953	-0.028
130.000	8.000	-25.391	-0.035
140.000	8.000	-25.391	-0.035
150.000	8.000	-25.391	-0.035
160.000	8.000	-17.578	-0.027
170.000	8.000	-17.578	-0.027
180.000	8.000	-17.578	-0.027
190.000	8.000	-42.969	-0.001
200.000	8.000	-42.969	-0.001
210.000	8.000	-42.969	-0.001
220.000	8.000	1.953	-0.026
230.000	8.000	1.953	-0.026
240.000	8.000	1.953	-0.026
250.000	8.000	-5.859	-0.012
260.000	8.000	-5.859	-0.012
270.000	8.000	-5.859	-0.012
280.000	8.000	9.766	-0.037
290.000	8.000	9.766	-0.037
300.000	8.000	9.766	-0.037
310.000	8.000	-9.766	-0.010
320.000	8.000	-9.766	-0.010
330.000	8.000	-9.766	-0.010
340.000	8.000	1.953	-0.030
350.000	8.000	1.953	-0.030
360.000	8.000	1.953	-0.030
370.000	8.000	-19.531	-0.036
380.000	8.000	-19.531	-0.036
390.000	8.000	-19.531	-0.036
400.000	8.000	-1.953	0.004
410.000	8.000	-1.953	0.004
420.000	8.000	-1.953	0.004
430.000	8.000	0.000	-0.011
440.000	8.000	0.000	-0.011
450.000	8.000	0.000	-0.011
460.000	8.000	0.000	-0.019
470.000	8.000	0.000	-0.019
480.000	8.000	0.000	-0.019
490.000	8.000	-29.297	-0.014
500.000	8.000	-29.297	-0.014
510.000	8.000	-29.297	-0.014
520.000	8.000	13.672	-0.034
530.000	8.000	13.672	-0.034
540.000	8.000	13.672	-0.034
550.000	8.000	-27.344	-0.009
560.000	8.000	-27.344	-0.009
570.000	8.000	-27.344	-0.009
580.000	8.000	-1.953	-0.021
590.000	8.000	-1.953	-0.021
600.000	8.000	-1.953	-0.021
610.000	8.000	-5.859	-0.018
620.000	8.000	-5.859	-0.018
630.000	8.000	-5.859	-0.018
640.000	8.000	-19.531	-0.031
650.000	8.000	-19.531	-0.031
660.000	8.000	-19.531	-0.031
670.000	8.000	-5.859	0.001
680.000	8.000	-5.859	0.001
690.000	8.000	-5.859	0.001
700.000	8.000	-42.969	-0.022
710.000	8.000	-42.969	-0.022
720.000	8.000	-42.969	-0.022
730.000	8.000	-48.828	-0.026
740.000	8.000	-48.828	-0.026
750.000	8.000	-48.828	-0.026
760.000	8.000	3.906	-0.026
770.000	8.000	3.906	-0.026
780.000	8.000	3.906	-0.026
790.000	8.000	-27.344	-0.027
800.000	8.000	-27.344	-0.027
810.000	8.000	-27.344	-0.027
820.000	8.000	-11.719	-0.034
830.000	8.000	-11.719	-0.034
840.000	8.000	-11.719	-0.034
850.000	8.000	-19.531	-0.032
860.000	8.000	-19.531	-0.032
870.000	8.000	-19.531	-0.032
880.000	8.000	5.859	-0.008
890.000	8.000	5.859	-0.008
900.000	8.000	5.859	-0.008
910.000	8.000	-42.969	-0.016
920.000	8.000	-42.969	-0.016
930.000	8.000	-42.969	-0.016
940.000	8.000	-13.672	-0.028
950.000	8.000	-13.672	-0.028
960.000	8.000	-13.672	-0.028
970.000	8.000	5.859	-0.029
980.000	8.000	5.859	-0.029
990.000	8.000	5.859	-0.029
1000.000	8.000	-3.906	-0.006
1010.000	8.000	-3.906	-0.006
1020.000	8.000	-3.906	-0.006
1030.000	8.000	-31.250	-0.003
1040.000	8.000	-31.250	-0.003
1050.000	8.000	-31.250	-0.003
1060.000	8.000	-7.812	-0.017
1070.000	8.000	-7.812	-0.017
1080.000	8.000	-7.812	-0.017
1090.000	8.000	-9.766	0.096
1100.000	8.000	-9.766	0.096
1110.000	8.000	-9.766	0.096
1120.000	8.000	-23.437	0.166
1130.000	8.000	-23.437	0.166
1140.000	8.000	-23.437	0.166
1150.000	8.000	-1.953	0.190
1160.000	8.000	-1.953	0.190
1170.000	8.000	-1.953	0.190
1180.000	8.000	31.250	0.205
1190.000	8.000	31.250	0.205
1200.000	8.000	31.250	0.205
1210.000	8.000	23.437	0.213
1220.000	8.000	23.437	0.213
1230.000	8.000	23.437	0.213
1240.000	8.000	19.531	0.229
1250.000	8.000	19.531	0.229
1260.000	8.000	19.531	0.229
1270.000	8.000	91.797	0.221
1280.000	8.000	91.797	0.221
1290.000	8.000	91.797	0.221
1300.000	8.000	91.797	0.225
1310.000	8.000	91.797	0.225
1320.000	8.000	91.797	0.225
1330.000	8.000	121.094	0.219
1340.000	8.000	121.094	0.219
1350.000	8.000	121.094	0.219
1360.000	8.000	83.984	0.237
1370.000	8.000	83.984	0.237
1380.000	8.000	83.984	0.237
1390.000	8.000	123.047	0.213
1400.000	8.000	123.047	0.213
1410.000	8.000	123.047	0.213
1420.000	8.000	177.734	0.199
1430.000	8.000	177.734	0.199
1440.000	8.000	177.734	0.199
1450.000	8.000	150.391	0.239
1460.000	8.000	150.391	0.239
1470.000	8.000	150.391	0.239
1480.000	8.000	177.734	0.218
1490.000	8.000	177.734	0.218
1500.000	8.000	177.734	0.218
1510.000	8.000	199.219	0.216
1520.000	8.000	199.219	0.216
1530.000	8.000	199.219	0.216
1540.000	8.000	210.937	0.235
1550.000	8.000	210.937	0.235
1560.000	8.000	210.937	0.235
1570.000	8.000	250.000	0.216
1580.000	8.000	250.000	0.216
1590.000	8.000	250.000	0.216
1600.000	8.000	230.469	0.226
1610.000	8.000	230.469	0.226
1620.000	8.000	230.469	0.226
1630.000	8.000	244.141	0.213
1640.000	8.000	244.141	0.213
1650.000	8.000	244.141	0.213
1660.000	8.000	281.250	0.228
1670.000	8.000	281.250	0.228
1680.000	8.000	281.250	0.228
1690.000	8.000	285.156	0.200
1700.000	8.000	285.156	0.200
1710.000	8.000	285.156	0.200
1720.000	8.000	312.500	0.206
1730.000	8.000	312.500	0.206
1740.000	8.000	312.500	0.206
1750.000	8.000	322.266	0.210
1760.000	8.000	322.266	0.210
1770.000	8.000	322.266	0.210
1780.000	8.000	314.453	0.233
1790.000	8.000	314.453	0.233
1800.000	8.000	314.453	0.233
1810.000	8.000	353.516	0.219
1820.000	8.000	353.516	0.219
1830.000	8.000	353.516	0.219
1840.000	8.000	359.375	0.203
1850.000	8.000	359.375	0.203
1860.000	8.000	359.375	0.203
1870.000	8.000	373.047	0.210
1880.000	8.000	373.047	0.210
1890.000	8.000	373.047	0.210
1900.000	8.000	355.469	0.219
1910.000	8.000	355.469	0.219
1920.000	8.000	355.469	0.219
1930.000	8.000	388.672	0.216
1940.000	8.000	388.672	0.216
1950.000	8.000	388.672	0.216
1960.000	8.000	394.531	0.210
1970.000	8.000	394.531	0.210
1980.000	8.000	394.531	0.210
1990.000	8.000	445.312	0.205
2000.000	8.000	445.312	0.205
2010.000	8.000	445.312	0.205
2020.000	8.000	392.578	0.240
2030.000	8.000	392.578	0.240
2040.000	8.000	392.578	0.240
2050.000	8.000	468.750	0.204
2060.000	8.000	468.750	0.204
2070.000	8.000	468.750	0.204
2080.000	8.000	445.312	0.228
2090.000	8.000	445.312	0.228
2100.000	8.000	445.312	0.228
2110.000	8.000	472.656	0.209
2120.000	8.000	472.656	0.209
2130.000	8.000	472.656	0.209
2140.000	8.000	496.094	0.220
2150.000	8.000	496.094	0.220
2160.000	8.000	496.094	0.220
2170.000	8.000	517.578	0.215
2180.000	8.000	517.578	0.215
2190.000	8.000	517.578	0.215
2200.000	8.000	511.719	0.216
2210.000	8.000	511.719	0.216
2220.000	8.000	511.719	0.216
2230.000	8.000	531.250	0.221
2240.000	8.000	531.250	0.221
2250.000	8.000	531.250	0.221
2260.000	8.000	527.344	0.233
2270.000	8.000	527.344	0.233
2280.000	8.000	527.344	0.233
2290.000	8.000	539.062	0.219
2300.000	8.000	539.062	0.219
2310.000	8.000	539.062	0.219
2320.000	8.000	546.875	0.226
2330.000	8.000	546.875	0.226
2340.000	8.000	546.875	0.226
2350.000	8.000	564.453	0.232
2360.000	8.000	564.453	0.232
2370.000	8.000	564.453	0.232
2380.000	8.000	595.703	0.215
2390.000	8.000	595.703	0.215
2400.000	8.000	595.703	0.215
2410.000	8.000	572.266	0.230
2420.000	8.000	572.266	0.230
2430.000	8.000	572.266	0.230
2440.000	8.000	585.937	0.231
2450.000	8.000	585.937	0.231
2460.000	8.000	585.937	0.231
2470.000	8.000	669.922	0.225
2480.000	8.000	669.922	0.225
2490.000	8.000	669.922	0.225
2500.000	8.000	681.641	0.225
2510.000	8.000	681.641	0.225
2520.000	8.000	681.641	0.225
2530.000	8.000	656.250	0.231
2540.000	8.000	656.250	0.231
2550.000	8.000	656.250	0.231
2560.000	8.000	619.141	0.227
2570.000	8.000	619.141	0.227
2580.000	8.000	619.141	0.227
2590.000	8.000	656.250	0.229
2600.000	8.000	656.250	0.229
2610.000	8.000	656.250	0.229
2620.000	8.000	687.500	0.193
2630.000	8.000	687.500	0.193
2640.000	8.000	687.500	0.193
2650.000	8.000	724.609	0.210
2660.000	8.000	724.609	0.210
2670.000	8.000	724.609	0.210
2680.000	8.000	716.797	0.231
2690.000	8.000	716.797	0.231
2700.000	8.000	716.797	0.231
2710.000	8.000	716.797	0.206
2720.000	8.000	716.797	0.206
2730.000	8.000	716.797	0.206
2740.000	8.000	761.719	0.219
2750.000	8.000	761.719	0.219
2760.000	8.000	761.719	0.219
2770.000	8.000	777.344	0.212
2780.000	8.000	777.344	0.212
2790.000	8.000	777.344	0.212
2800.000	8.000	802.734	0.210
2810.000	8.000	802.734	0.210
2820.000	8.000	802.734	0.210
2830.000	8.000	792.969	0.218
2840.000	8.000	792.969	0.218
2850.000	8.000	792.969	0.218
2860.000	8.000	769.531	0.225
2870.000	8.000	769.531	0.225
2880.000	8.000	769.531	0.225
2890.000	8.000	822.266	0.223
2900.000	8.000	822.266	0.223
2910.000	8.000	822.266	0.223
2920.000	8.000	781.250	0.230
2930.000	8.000	781.250	0.230
2940.000	8.000	781.250	0.230
2950.000	8.000	863.281	0.219
2960.000	8.000	863.281	0.219
2970.000	8.000	863.281	0.219
2980.000	8.000	853.516	0.231
2990.000	8.000	853.516	0.231
3000.000	8.000	853.516	0.231
3010.000	8.000	851.562	0.229
3020.000	8.000	851.562	0.229
3030.000	8.000	851.562	0.229
3040.000	8.000	845.703	0.237
3050.000	8.000	845.703	0.237
3060.000	8.000	845.703	0.237
3070.000	8.000	900.391	0.214
3080.000	8.000	900.391	0.214
3090.000	8.000	900.391	0.214
3100.000	8.000	902.344	0.214
3110.000	8.000	902.344	0.214
3120.000	8.000	902.344	0.214
3130.000	8.000	925.781	0.206
3140.000	8.000	925.781	0.206
3150.000	8.000	925.781	0.206
3160.000	8.000	929.687	0.222
3170.000	8.000	929.687	0.222
3180.000	8.000	929.687	0.222
3190.000	8.000	919.922	0.230
3200.000	8.000	919.922	0.230
3210.000	8.000	919.922	0.230
3220.000	8.000	945.312	0.198
3230.000	8.000	945.312	0.198
3240.000	8.000	945.312	0.198
3250.000	8.000	980.469	0.232
3260.000	8.000	980.469	0.232
3270.000	8.000	980.469	0.232
3280.000	8.000	986.328	0.227
3290.000	8.000	986.328	0.227
3300.000	8.000	986.328	0.227
3310.000	8.000	1009.766	0.219
3320.000	8.000	1009.766	0.219
3330.000	8.000	1009.766	0.219
3340.000	8.000	1001.953	0.212
3350.000	8.000	1001.953	0.212
3360.000	8.000	1001.953	0.212
3370.000	8.000	1001.953	0.217
3380.000	8.000	1001.953	0.217
3390.000	8.000	1001.953	0.217
3400.000	8.000	1007.812	0.221
3410.000	8.000	1007.812	0.221
3420.000	8.000	1007.812	0.221
3430.000	8.000	1037.109	0.225
3440.000	8.000	1037.109	0.225
3450.000	8.000	1037.109	0.225
3460.000	8.000	1044.922	0.204
3470.000	8.000	1044.922	0.204
3480.000	8.000	1044.922	0.204
3490.000	8.000	1017.578	0.228
3500.000	8.000	1017.578	0.228
3510.000	8.000	1017.578	0.228
3520.000	8.000	1078.125	0.213
3530.000	8.000	1078.125	0.213
3540.000	8.000	1078.125	0.213
3550.000	8.000	1062.500	0.219
3560.000	8.000	1062.500	0.219
3570.000	8.000	1062.500	0.219
3580.000	8.000	1093.750	0.230
3590.000	8.000	1093.750	0.230
3600.000	8.000	1093.750	0.230
3610.000	8.000	1083.984	0.229
3620.000	8.000	1083.984	0.229
3630.000	8.000	1083.984	0.229
3640.000	8.000	1083.984	0.224
3650.000	8.000	1083.984	0.224
3660.000	8.000	1083.984	0.224
3670.000	8.000	1128.906	0.211
3680.000	8.000	1128.906	0.211
3690.000	8.000	1128.906	0.211
3700.000	8.000	1134.766	0.210
3710.000	8.000	1134.766	0.210
3720.000	8.000	1134.766	0.210
3730.000	8.000	1150.391	0.229
3740.000	8.000	1150.391	0.229
3750.000	8.000	1150.391	0.229
3760.000	8.000	1173.828	0.212
3770.000	8.000	1173.828	0.212
3780.000	8.000	1173.828	0.212
3790.000	8.000	1177.734	0.224
3800.000	8.000	1177.734	0.224
3810.000	8.000	1177.734	0.224
3820.000	8.000	1150.391	0.225
3830.000	8.000	1150.391	0.225
3840.000	8.000	1150.391	0.225
3850.000	8.000	1193.359	0.235
3860.000	8.000	1193.359	0.235
3870.000	8.000	1193.359	0.235
3880.000	8.000	1181.641	0.217
3890.000	8.000	1181.641	0.217
3900.000	8.000	1181.641	0.217
3910.000	8.000	1181.641	0.234
3920.000	8.000	1181.641	0.234
3930.000	8.000	1181.641	0.234
3940.000	8.000	1214.844	0.232
3950.000	8.000	1214.844	0.232
3960.000	8.000	1214.844	0.232
3970.000	8.000	1244.141	0.209
3980.000	8.000	1244.141	0.209
3990.000	8.000	1244.141	0.209
4000.000	8.000	1232.422	0.202
4010.000	8.000	1232.422	0.202
4020.000	8.000	1232.422	0.202
4030.000	8.000	1285.156	0.218
4040.000	8.000	1285.156	0.218
4050.000	8.000	1285.156	0.218
4060.000	8.000	1251.953	0.223
4070.000	8.000	1251.953	0.223
4080.000	8.000	1251.953	0.223
4090.000	8.000	1302.734	0.219
4100.000	8.000	1302.734	0.219
4110.000	8.000	1302.734	0.219
4120.000	8.000	1291.016	0.203
4130.000	8.000	1291.016	0.203
4140.000	8.000	1291.016	0.203
4150.000	8.000	1300.781	0.226
4160.000	8.000	1300.781	0.226
4170.000	8.000	1300.781	0.226
4180.000	8.000	1300.781	0.227
4190.000	8.000	1300.781	0.227
4200.000	8.000	1300.781	0.227
4210.000	8.000	1306.641	0.211
4220.000	8.000	1306.641	0.211
4230.000	8.000	1306.641	0.211
4240.000	8.000	1339.844	0.233
4250.000	8.000	1339.844	0.233
4260.000	8.000	1339.844	0.233
4270.000	8.000	1339.844	0.218
4280.000	8.000	1339.844	0.218
4290.000	8.000	1339.844	0.218
4300.000	8.000	1349.609	0.220
4310.000	8.000	1349.609	0.220
4320.000	8.000	1349.609	0.220
4330.000	8.000	1376.953	0.219
4340.000	8.000	1376.953	0.219
4350.000	8.000	1376.953	0.219
4360.000	8.000	1355.469	0.226
4370.000	8.000	1355.469	0.226
4380.000	8.000	1355.469	0.226
4390.000	8.000	1371.094	0.222
4400.000	8.000	1371.094	0.222
4410.000	8.000	1371.094	0.222
4420.000	8.000	1378.906	0.221
4430.000	8.000	1378.906	0.221
4440.000	8.000	1378.906	0.221
4450.000	8.000	1402.344	0.236
4460.000	8.000	1402.344	0.236
4470.000	8.000	1402.344	0.236
4480.000	8.000	1414.062	0.215
4490.000	8.000	1414.062	0.215
4500.000	8.000	1414.062	0.215
4510.000	8.000	1429.687	0.226
4520.000	8.000	1429.687	0.226
4530.000	8.000	1429.687	0.226
4540.000	8.000	1427.734	0.220
4550.000	8.000	1427.734	0.220
4560.000	8.000	1427.734	0.220
4570.000	8.000	1468.750	0.214
4580.000	8.000	1468.750	0.214
4590.000	8.000	1468.750	0.214
4600.000	8.000	1468.750	0.208
4610.000	8.000	1468.750	0.208
4620.000	8.000	1468.750	0.208
4630.000	8.000	1503.906	0.221
4640.000	8.000	1503.906	0.221
4650.000	8.000	1503.906	0.221
4660.000	8.000	1470.703	0.200
4670.000	8.000	1470.703	0.200
4680.000	8.000	1470.703	0.200
4690.000	8.000	1529.297	0.225
4700.000	8.000	1529.297	0.225
4710.000	8.000	1529.297	0.225
4720.000	8.000	1531.250	0.229
4730.000	8.000	1531.250	0.229
4740.000	8.000	1531.250	0.229
4750.000	8.000	1533.203	0.225
4760.000	8.000	1533.203	0.225
4770.000	8.000	1533.203	0.225
4780.000	8.000	1503.906	0.209
4790.000	8.000	1503.906	0.209
4800.000	8.000	1503.906	0.209
4810.000	8.000	1525.391	0.213
4820.000	8.000	1525.391	0.213
4830.000	8.000	1525.391	0.213
4840.000	8.000	1519.531	0.212
4850.000	8.000	1519.531	0.212
4860.000	8.000	1519.531	0.212
4870.000	8.000	1552.734	0.200
4880.000	8.000	1552.734	0.200
4890.000	8.000	1552.734	0.200
4900.000	8.000	1570.312	0.227
4910.000	8.000	1570.312	0.227
4920.000	8.000	1570.312	0.227
4930.000	8.000	1539.062	0.208
4940.000	8.000	1539.062	0.208
4950.000	8.000	1539.062	0.208
4960.000	8.000	1574.219	0.213
4970.000	8.000	1574.219	0.213
4980.000	8.000	1574.219	0.213
4990.000	8.000	1585.937	0.215
5000.000	8.000	1585.937	0.215
5010.000	8.000	1585.937	0.215
5020.000	8.000	1611.328	0.225
5030.000	8.000	1611.328	0.225
5040.000	8.000	1611.328	0.225
5050.000	8.000	1599.609	0.220
5060.000	8.000	1599.609	0.220
5070.000	8.000	1599.609	0.220
5080.000	8.000	1623.047	0.193
5090.000	8.000	1623.047	0.193
5100.000	8.000	1623.047	0.193
5110.000	8.000	1632.812	0.222
5120.000	8.000	1632.812	0.222
5130.000	8.000	1632.812	0.222
5140.000	8.000	1642.578	0.234
5150.000	8.000	1642.578	0.234
5160.000	8.000	1642.578	0.234
5170.000	8.000	1625.000	0.226
5180.000	8.000	1625.000	0.226
5190.000	8.000	1625.000	0.226
5200.000	8.000	1691.406	0.222
5210.000	8.000	1691.406	0.222
5220.000	8.000	1691.406	0.222
5230.000	8.000	1687.500	0.202
5240.000	8.000	1687.500	0.202
5250.000	8.000	1687.500	0.202
5260.000	8.000	1681.641	0.219
5270.000	8.000	1681.641	0.219
5280.000	8.000	1681.641	0.219
5290.000	8.000	1710.937	0.230
5300.000	8.000	1710.937	0.230
5310.000	8.000	1710.937	0.230
5320.000	8.000	1671.875	0.210
5330.000	8.000	1671.875	0.210
5340.000	8.000	1671.875	0.210
5350.000	8.000	1722.656	0.195
5360.000	8.000	1722.656	0.195
5370.000	8.000	1722.656	0.195
5380.000	8.000	1748.047	0.222
5390.000	8.000	1748.047	0.222
5400.000	8.000	1748.047	0.222
5410.000	8.000	1740.234	0.216
5420.000	8.000	1740.234	0.216
5430.000	8.000	1740.234	0.216
5440.000	8.000	1755.859	0.233
5450.000	8.000	1755.859	0.233
5460.000	8.000	1755.859	0.233
5470.000	8.000	1771.484	0.229
5480.000	8.000	1771.484	0.229
5490.000	8.000	1771.484	0.229
5500.000	8.000	1771.484	0.218
5510.000	8.000	1771.484	0.218
5520.000	8.000	1771.484	0.218
5530.000	8.000	1800.781	0.190
5540.000	8.000	1800.781	0.190
5550.000	8.000	1800.781	0.190
5560.000	8.000	1775.391	0.212
5570.000	8.000	1775.391	0.212
5580.000	8.000	1775.391	0.212
5590.000	8.000	1814.453	0.206
5600.000	8.000	1814.453	0.206
5610.000	8.000	1814.453	0.206
5620.000	8.000	1777.344	0.221
5630.000	8.000	1777.344	0.221
5640.000	8.000	1777.344	0.221
5650.000	8.000	1828.125	0.214
5660.000	8.000	1828.125	0.214
5670.000	8.000	1828.125	0.214
5680.000	8.000	1810.547	0.211
5690.000	8.000	1810.547	0.211
5700.000	8.000	1810.547	0.211
5710.000	8.000	1847.656	0.213
5720.000	8.000	1847.656	0.213
5730.000	8.000	1847.656	0.213
5740.000	8.000	1882.812	0.210
5750.000	8.000	1882.812	0.210
5760.000	8.000	1882.812	0.210
5770.000	8.000	1878.906	0.229
5780.000	8.000	1878.906	0.229
5790.000	8.000	1878.906	0.229
5800.000	8.000	1845.703	0.191
5810.000	8.000	1845.703	0.191
5820.000	8.000	1845.703	0.191
5830.000	8.000	1896.484	0.227
5840.000	8.000	1896.484	0.227
5850.000	8.000	1896.484	0.227
5860.000	8.000	1871.094	0.225
5870.000	8.000	1871.094	0.225
5880.000	8.000	1871.094	0.225
5890.000	8.000	1875.000	0.217
5900.000	8.000	1875.000	0.217
5910.000	8.000	1875.000	0.217
5920.000	8.000	1917.969	0.216
5930.000	8.000	1917.969	0.216
5940.000	8.000	1917.969	0.216
5950.000	8.000	1933.594	0.234
5960.000	8.000	1933.594	0.234
5970.000	8.000	1933.594	0.234
5980.000	8.000	1910.156	0.209
5990.000	8.000	1910.156	0.209
6000.000	8.000	1910.156	0.209
6010.000	8.000	1943.359	0.232
6020.000	8.000	1943.359	0.232
6030.000	8.000	1943.359	0.232
6040.000	8.000	1906.250	0.209
6050.000	8.000	1906.250	0.209
6060.000	8.000	1906.250	0.209
6070.000	8.000	1949.219	0.224
6080.000	8.000	1949.219	0.224
6090.000	8.000	1949.219	0.224
6100.000	8.000	1968.750	0.106
6110.000	8.000	1968.750	0.106
6120.000	8.000	1968.750	0.106
6130.000	8.000	1929.687	0.002
6140.000	8.000	1929.687	0.002
6150.000	8.000	1929.687	0.002
6160.000	8.000	1937.500	0.013
6170.000	8.000	1937.500	0.013
6180.000	8.000	1937.500	0.013
6190.000	8.000	1931.641	-0.009
6200.000	8.000	1931.641	-0.009
6210.000	8.000	1931.641	-0.009
6220.000	8.000	1925.781	-0.016
6230.000	8.000	1925.781	-0.016
6240.000	8.000	1925.781	-0.016
6250.000	8.000	1894.531	-0.028
6260.000	8.000	1894.531	-0.028
6270.000	8.000	1894.531	-0.028
6280.000	8.000	1871.094	-0.014
6290.000	8.000	1871.094	-0.014
6300.000	8.000	1871.094	-0.014
6310.000	8.000	1867.187	-0.008
6320.000	8.000	1867.187	-0.008
6330.000	8.000	1867.187	-0.008
6340.000	8.000	1851.562	-0.017
6350.000	8.000	1851.562	-0.017
6360.000	8.000	1851.562	-0.017
6370.000	8.000	1818.359	-0.025
6380.000	8.000	1818.359	-0.025
6390.000	8.000	1818.359	-0.025
6400.000	8.000	1820.312	-0.021
6410.000	8.000	1820.312	-0.021
6420.000	8.000	1820.312	-0.021
6430.000	8.000	1841.797	-0.019
6440.000	8.000	1841.797	-0.019
6450.000	8.000	1841.797	-0.019
6460.000	8.000	1802.734	-0.027
6470.000	8.000	1802.734	-0.027
6480.000	8.000	1802.734	-0.027
6490.000	8.000	1789.062	-0.029
6500.000	8.000	1789.062	-0.029
6510.000	8.000	1789.062	-0.029
6520.000	8.000	1775.391	-0.011
6530.000	8.000	1775.391	-0.011
6540.000	8.000	1775.391	-0.011
6550.000	8.000	1773.437	-0.021
6560.000	8.000	1773.437	-0.021
6570.000	8.000	1773.437	-0.021
6580.000	8.000	1746.094	-0.023
6590.000	8.000	1746.094	-0.023
6600.000	8.000	1746.094	-0.023
6610.000	8.000	1740.234	-0.017
6620.000	8.000	1740.234	-0.017
6630.000	8.000	1740.234	-0.017
6640.000	8.000	1734.375	-0.020
6650.000	8.000	1734.375	-0.020
6660.000	8.000	1734.375	-0.020
6670.000	8.000	1757.812	-0.007
6680.000	8.000	1757.812	-0.007
6690.000	8.000	1757.812	-0.007
6700.000	8.000	1697.266	-0.030
6710.000	8.000	1697.266	-0.030
6720.000	8.000	1697.266	-0.030
6730.000	8.000	1716.797	-0.035
6740.000	8.000	1716.797	-0.035
6750.000	8.000	1716.797	-0.035
6760.000	8.000	1689.453	-0.043
6770.000	8.000	1689.453	-0.043
6780.000	8.000	1689.453	-0.043
6790.000	8.000	1667.969	-0.027
6800.000	8.000	1667.969	-0.027
6810.000	8.000	1667.969	-0.027
6820.000	8.000	1640.625	-0.019
6830.000	8.000	1640.625	-0.019
6840.000	8.000	1640.625	-0.019
6850.000	8.000	1646.484	-0.028
6860.000	8.000	1646.484	-0.028
6870.000	8.000	1646.484	-0.028
6880.000	8.000	1611.328	0.003
6890.000	8.000	1611.328	0.003
6900.000	8.000	1611.328	0.003
6910.000	8.000	1623.047	-0.020
6920.000	8.000	1623.047	-0.020
6930.000	8.000	1623.047	-0.020
6940.000	8.000	1632.812	-0.024
6950.000	8.000	1632.812	-0.024
6960.000	8.000	1632.812	-0.024
6970.000	8.000	1617.187	-0.037
6980.000	8.000	1617.187	-0.037
6990.000	8.000	1617.187	-0.037
7000.000	8.000	1582.031	-0.009
7010.000	8.000	1582.031	-0.009
7020.000	8.000	1582.031	-0.009
