%Time [ms]	Commanded Torque [mNm]	Angular Velocity [RPM]	Actual Current [Amp]	%8/27/20202:30 PM
0.000	0.000	0.000	0.000
20.000	6.000	9.766	-0.019
30.000	6.000	9.766	-0.019
40.000	6.000	-19.531	-0.038
50.000	6.000	-19.531	-0.038
60.000	6.000	-19.531	-0.038
70.000	6.000	-13.672	-0.022
80.000	6.000	-13.672	-0.022
90.000	6.000	-13.672	-0.022
100.000	6.000	-39.062	-0.021
110.000	6.000	-39.062	-0.021
120.000	6.000	-39.062	-0.021
130.000	6.000	-9.766	-0.031
140.000	6.000	-9.766	-0.031
150.000	6.000	-9.766	-0.031
160.000	6.000	-17.578	-0.011
170.000	6.000	-17.578	-0.011
180.000	6.000	-17.578	-0.011
190.000	6.000	-5.859	-0.015
200.000	6.000	-5.859	-0.015
210.000	6.000	-5.859	-0.015
220.000	6.000	3.906	-0.028
230.000	6.000	3.906	-0.028
240.000	6.000	3.906	-0.028
250.000	6.000	-1.953	-0.002
260.000	6.000	-1.953	-0.002
270.000	6.000	-1.953	-0.002
280.000	6.000	11.719	-0.023
290.000	6.000	11.719	-0.023
300.000	6.000	11.719	-0.023
310.000	6.000	-44.922	-0.004
320.000	6.000	-44.922	-0.004
330.000	6.000	-44.922	-0.004
340.000	6.000	-27.344	-0.015
350.000	6.000	-27.344	-0.015
360.000	6.000	-27.344	-0.015
370.000	6.000	-1.953	-0.014
380.000	6.000	-1.953	-0.014
390.000	6.000	-1.953	-0.014
400.000	6.000	-29.297	-0.026
410.000	6.000	-29.297	-0.026
420.000	6.000	-29.297	-0.026
430.000	6.000	-13.672	-0.014
440.000	6.000	-13.672	-0.014
450.000	6.000	-13.672	-0.014
460.000	6.000	9.766	-0.036
470.000	6.000	9.766	-0.036
480.000	6.000	9.766	-0.036
490.000	6.000	0.000	-0.026
500.000	6.000	0.000	-0.026
510.000	6.000	0.000	-0.026
520.000	6.000	-17.578	-0.014
530.000	6.000	-17.578	-0.014
540.000	6.000	-17.578	-0.014
550.000	6.000	-9.766	-0.012
560.000	6.000	-9.766	-0.012
570.000	6.000	-9.766	-0.012
580.000	6.000	1.953	-0.006
590.000	6.000	1.953	-0.006
600.000	6.000	1.953	-0.006
610.000	6.000	-46.875	0.000
620.000	6.000	-46.875	0.000
630.000	6.000	-46.875	0.000
640.000	6.000	-19.531	-0.021
650.000	6.000	-19.531	-0.021
660.000	6.000	-19.531	-0.021
670.000	6.000	-25.391	-0.005
680.000	6.000	-25.391	-0.005
690.000	6.000	-25.391	-0.005
700.000	6.000	-11.719	-0.018
710.000	6.000	-11.719	-0.018
720.000	6.000	-11.719	-0.018
730.000	6.000	-5.859	-0.018
740.000	6.000	-5.859	-0.018
750.000	6.000	-5.859	-0.018
760.000	6.000	1.953	-0.021
770.000	6.000	1.953	-0.021
780.000	6.000	1.953	-0.021
790.000	6.000	-5.859	-0.019
800.000	6.000	-5.859	-0.019
810.000	6.000	-5.859	-0.019
820.000	6.000	-25.391	-0.026
830.000	6.000	-25.391	-0.026
840.000	6.000	-25.391	-0.026
850.000	6.000	-21.484	-0.039
860.000	6.000	-21.484	-0.039
870.000	6.000	-21.484	-0.039
880.000	6.000	-7.812	-0.025
890.000	6.000	-7.812	-0.025
900.000	6.000	-7.812	-0.025
910.000	6.000	9.766	-0.042
920.000	6.000	9.766	-0.042
930.000	6.000	9.766	-0.042
940.000	6.000	-9.766	-0.032
950.000	6.000	-9.766	-0.032
960.000	6.000	-9.766	-0.032
970.000	6.000	-15.625	-0.033
980.000	6.000	-15.625	-0.033
990.000	6.000	-15.625	-0.033
1000.000	6.000	-3.906	-0.013
1010.000	6.000	-3.906	-0.013
1020.000	6.000	-3.906	-0.013
1030.000	6.000	-39.062	-0.025
1040.000	6.000	-39.062	-0.025
1050.000	6.000	-39.062	-0.025
1060.000	6.000	-3.906	-0.023
1070.000	6.000	-3.906	-0.023
1080.000	6.000	-3.906	-0.023
1090.000	6.000	3.906	0.086
1100.000	6.000	3.906	0.086
1110.000	6.000	3.906	0.086
1120.000	6.000	-11.719	0.118
1130.000	6.000	-11.719	0.118
1140.000	6.000	-11.719	0.118
1150.000	6.000	3.906	0.142
1160.000	6.000	3.906	0.142
1170.000	6.000	3.906	0.142
1180.000	6.000	5.859	0.150
1190.000	6.000	5.859	0.150
1200.000	6.000	5.859	0.150
1210.000	6.000	15.625	0.150
1220.000	6.000	15.625	0.150
1230.000	6.000	15.625	0.150
1240.000	6.000	21.484	0.172
1250.000	6.000	21.484	0.172
1260.000	6.000	21.484	0.172
1270.000	6.000	44.922	0.167
1280.000	6.000	44.922	0.167
1290.000	6.000	44.922	0.167
1300.000	6.000	52.734	0.157
1310.000	6.000	52.734	0.157
1320.000	6.000	52.734	0.157
1330.000	6.000	89.844	0.138
1340.000	6.000	89.844	0.138
1350.000	6.000	89.844	0.138
1360.000	6.000	76.172	0.159
1370.000	6.000	76.172	0.159
1380.000	6.000	76.172	0.159
1390.000	6.000	107.422	0.156
1400.000	6.000	107.422	0.156
1410.000	6.000	107.422	0.156
1420.000	6.000	87.891	0.153
1430.000	6.000	87.891	0.153
1440.000	6.000	87.891	0.153
1450.000	6.000	115.234	0.143
1460.000	6.000	115.234	0.143
1470.000	6.000	115.234	0.143
1480.000	6.000	125.000	0.150
1490.000	6.000	125.000	0.150
1500.000	6.000	125.000	0.150
1510.000	6.000	144.531	0.157
1520.000	6.000	144.531	0.157
1530.000	6.000	144.531	0.157
1540.000	6.000	115.234	0.136
1550.000	6.000	115.234	0.136
1560.000	6.000	115.234	0.136
1570.000	6.000	164.062	0.140
1580.000	6.000	164.062	0.140
1590.000	6.000	164.062	0.140
1600.000	6.000	128.906	0.157
1610.000	6.000	128.906	0.157
1620.000	6.000	128.906	0.157
1630.000	6.000	142.578	0.166
1640.000	6.000	142.578	0.166
1650.000	6.000	142.578	0.166
1660.000	6.000	162.109	0.160
1670.000	6.000	162.109	0.160
1680.000	6.000	162.109	0.160
1690.000	6.000	181.641	0.155
1700.000	6.000	181.641	0.155
1710.000	6.000	181.641	0.155
1720.000	6.000	185.547	0.164
1730.000	6.000	185.547	0.164
1740.000	6.000	185.547	0.164
1750.000	6.000	181.641	0.180
1760.000	6.000	181.641	0.180
1770.000	6.000	181.641	0.180
1780.000	6.000	220.703	0.129
1790.000	6.000	220.703	0.129
1800.000	6.000	220.703	0.129
1810.000	6.000	224.609	0.145
1820.000	6.000	224.609	0.145
1830.000	6.000	224.609	0.145
1840.000	6.000	226.562	0.171
1850.000	6.000	226.562	0.171
1860.000	6.000	226.562	0.171
1870.000	6.000	236.328	0.160
1880.000	6.000	236.328	0.160
1890.000	6.000	236.328	0.160
1900.000	6.000	224.609	0.153
1910.000	6.000	224.609	0.153
1920.000	6.000	224.609	0.153
1930.000	6.000	269.531	0.134
1940.000	6.000	269.531	0.134
1950.000	6.000	269.531	0.134
1960.000	6.000	236.328	0.173
1970.000	6.000	236.328	0.173
1980.000	6.000	236.328	0.173
1990.000	6.000	236.328	0.167
2000.000	6.000	236.328	0.167
2010.000	6.000	236.328	0.167
2020.000	6.000	238.281	0.155
2030.000	6.000	238.281	0.155
2040.000	6.000	238.281	0.155
2050.000	6.000	285.156	0.147
2060.000	6.000	285.156	0.147
2070.000	6.000	285.156	0.147
2080.000	6.000	298.828	0.132
2090.000	6.000	298.828	0.132
2100.000	6.000	298.828	0.132
2110.000	6.000	292.969	0.166
2120.000	6.000	292.969	0.166
2130.000	6.000	292.969	0.166
2140.000	6.000	294.922	0.149
2150.000	6.000	294.922	0.149
2160.000	6.000	294.922	0.149
2170.000	6.000	285.156	0.141
2180.000	6.000	285.156	0.141
2190.000	6.000	285.156	0.141
2200.000	6.000	345.703	0.175
2210.000	6.000	345.703	0.175
2220.000	6.000	345.703	0.175
2230.000	6.000	308.594	0.163
2240.000	6.000	308.594	0.163
2250.000	6.000	308.594	0.163
2260.000	6.000	298.828	0.172
2270.000	6.000	298.828	0.172
2280.000	6.000	298.828	0.172
2290.000	6.000	320.312	0.160
2300.000	6.000	320.312	0.160
2310.000	6.000	320.312	0.160
2320.000	6.000	371.094	0.153
2330.000	6.000	371.094	0.153
2340.000	6.000	371.094	0.153
2350.000	6.000	376.953	0.140
2360.000	6.000	376.953	0.140
2370.000	6.000	376.953	0.140
2380.000	6.000	365.234	0.154
2390.000	6.000	365.234	0.154
2400.000	6.000	365.234	0.154
2410.000	6.000	412.109	0.140
2420.000	6.000	412.109	0.140
2430.000	6.000	412.109	0.140
2440.000	6.000	375.000	0.155
2450.000	6.000	375.000	0.155
2460.000	6.000	375.000	0.155
2470.000	6.000	382.812	0.164
2480.000	6.000	382.812	0.164
2490.000	6.000	382.812	0.164
2500.000	6.000	404.297	0.166
2510.000	6.000	404.297	0.166
2520.000	6.000	404.297	0.166
2530.000	6.000	443.359	0.139
2540.000	6.000	443.359	0.139
2550.000	6.000	443.359	0.139
2560.000	6.000	419.922	0.176
2570.000	6.000	419.922	0.176
2580.000	6.000	419.922	0.176
2590.000	6.000	437.500	0.158
2600.000	6.000	437.500	0.158
2610.000	6.000	437.500	0.158
2620.000	6.000	423.828	0.157
2630.000	6.000	423.828	0.157
2640.000	6.000	423.828	0.157
2650.000	6.000	470.703	0.159
2660.000	6.000	470.703	0.159
2670.000	6.000	470.703	0.159
2680.000	6.000	464.844	0.171
2690.000	6.000	464.844	0.171
2700.000	6.000	464.844	0.171
2710.000	6.000	457.031	0.148
2720.000	6.000	457.031	0.148
2730.000	6.000	457.031	0.148
2740.000	6.000	443.359	0.163
2750.000	6.000	443.359	0.163
2760.000	6.000	443.359	0.163
2770.000	6.000	439.453	0.165
2780.000	6.000	439.453	0.165
2790.000	6.000	439.453	0.165
2800.000	6.000	492.187	0.155
2810.000	6.000	492.187	0.155
2820.000	6.000	492.187	0.155
2830.000	6.000	503.906	0.150
2840.000	6.000	503.906	0.150
2850.000	6.000	503.906	0.150
2860.000	6.000	484.375	0.159
2870.000	6.000	484.375	0.159
2880.000	6.000	484.375	0.159
2890.000	6.000	488.281	0.179
2900.000	6.000	488.281	0.179
2910.000	6.000	488.281	0.179
2920.000	6.000	484.375	0.172
2930.000	6.000	484.375	0.172
2940.000	6.000	484.375	0.172
2950.000	6.000	523.437	0.155
2960.000	6.000	523.437	0.155
2970.000	6.000	523.437	0.155
2980.000	6.000	542.969	0.157
2990.000	6.000	542.969	0.157
3000.000	6.000	542.969	0.157
3010.000	6.000	560.547	0.165
3020.000	6.000	560.547	0.165
3030.000	6.000	560.547	0.165
3040.000	6.000	564.453	0.161
3050.000	6.000	564.453	0.161
3060.000	6.000	564.453	0.161
3070.000	6.000	541.016	0.173
3080.000	6.000	541.016	0.173
3090.000	6.000	541.016	0.173
3100.000	6.000	572.266	0.147
3110.000	6.000	572.266	0.147
3120.000	6.000	572.266	0.147
3130.000	6.000	533.203	0.165
3140.000	6.000	533.203	0.165
3150.000	6.000	533.203	0.165
3160.000	6.000	589.844	0.158
3170.000	6.000	589.844	0.158
3180.000	6.000	589.844	0.158
3190.000	6.000	574.219	0.165
3200.000	6.000	574.219	0.165
3210.000	6.000	574.219	0.165
3220.000	6.000	605.469	0.158
3230.000	6.000	605.469	0.158
3240.000	6.000	605.469	0.158
3250.000	6.000	613.281	0.160
3260.000	6.000	613.281	0.160
3270.000	6.000	613.281	0.160
3280.000	6.000	595.703	0.161
3290.000	6.000	595.703	0.161
3300.000	6.000	595.703	0.161
3310.000	6.000	605.469	0.172
3320.000	6.000	605.469	0.172
3330.000	6.000	605.469	0.172
3340.000	6.000	619.141	0.174
3350.000	6.000	619.141	0.174
3360.000	6.000	619.141	0.174
3370.000	6.000	621.094	0.152
3380.000	6.000	621.094	0.152
3390.000	6.000	621.094	0.152
3400.000	6.000	628.906	0.170
3410.000	6.000	628.906	0.170
3420.000	6.000	628.906	0.170
3430.000	6.000	634.766	0.137
3440.000	6.000	634.766	0.137
3450.000	6.000	634.766	0.137
3460.000	6.000	656.250	0.142
3470.000	6.000	656.250	0.142
3480.000	6.000	656.250	0.142
3490.000	6.000	646.484	0.170
3500.000	6.000	646.484	0.170
3510.000	6.000	646.484	0.170
3520.000	6.000	677.734	0.142
3530.000	6.000	677.734	0.142
3540.000	6.000	677.734	0.142
3550.000	6.000	652.344	0.146
3560.000	6.000	652.344	0.146
3570.000	6.000	652.344	0.146
3580.000	6.000	691.406	0.147
3590.000	6.000	691.406	0.147
3600.000	6.000	691.406	0.147
3610.000	6.000	662.109	0.145
3620.000	6.000	662.109	0.145
3630.000	6.000	662.109	0.145
3640.000	6.000	685.547	0.167
3650.000	6.000	685.547	0.167
3660.000	6.000	685.547	0.167
3670.000	6.000	693.359	0.157
3680.000	6.000	693.359	0.157
3690.000	6.000	693.359	0.157
3700.000	6.000	673.828	0.165
3710.000	6.000	673.828	0.165
3720.000	6.000	673.828	0.165
3730.000	6.000	703.125	0.167
3740.000	6.000	703.125	0.167
3750.000	6.000	703.125	0.167
3760.000	6.000	689.453	0.164
3770.000	6.000	689.453	0.164
3780.000	6.000	689.453	0.164
3790.000	6.000	734.375	0.140
3800.000	6.000	734.375	0.140
3810.000	6.000	734.375	0.140
3820.000	6.000	701.172	0.172
3830.000	6.000	701.172	0.172
3840.000	6.000	701.172	0.172
3850.000	6.000	738.281	0.128
3860.000	6.000	738.281	0.128
3870.000	6.000	738.281	0.128
3880.000	6.000	751.953	0.166
3890.000	6.000	751.953	0.166
3900.000	6.000	751.953	0.166
3910.000	6.000	773.437	0.151
3920.000	6.000	773.437	0.151
3930.000	6.000	773.437	0.151
3940.000	6.000	773.437	0.149
3950.000	6.000	773.437	0.149
3960.000	6.000	773.437	0.149
3970.000	6.000	759.766	0.175
3980.000	6.000	759.766	0.175
3990.000	6.000	759.766	0.175
4000.000	6.000	779.297	0.169
4010.000	6.000	779.297	0.169
4020.000	6.000	779.297	0.169
4030.000	6.000	785.156	0.134
4040.000	6.000	785.156	0.134
4050.000	6.000	785.156	0.134
4060.000	6.000	773.437	0.170
4070.000	6.000	773.437	0.170
4080.000	6.000	773.437	0.170
4090.000	6.000	785.156	0.169
4100.000	6.000	785.156	0.169
4110.000	6.000	785.156	0.169
4120.000	6.000	787.109	0.150
4130.000	6.000	787.109	0.150
4140.000	6.000	787.109	0.150
4150.000	6.000	816.406	0.156
4160.000	6.000	816.406	0.156
4170.000	6.000	816.406	0.156
4180.000	6.000	804.687	0.141
4190.000	6.000	804.687	0.141
4200.000	6.000	804.687	0.141
4210.000	6.000	832.031	0.170
4220.000	6.000	832.031	0.170
4230.000	6.000	832.031	0.170
4240.000	6.000	820.312	0.168
4250.000	6.000	820.312	0.168
4260.000	6.000	820.312	0.168
4270.000	6.000	826.172	0.167
4280.000	6.000	826.172	0.167
4290.000	6.000	826.172	0.167
4300.000	6.000	828.125	0.169
4310.000	6.000	828.125	0.169
4320.000	6.000	828.125	0.169
4330.000	6.000	833.984	0.161
4340.000	6.000	833.984	0.161
4350.000	6.000	833.984	0.161
4360.000	6.000	839.844	0.140
4370.000	6.000	839.844	0.140
4380.000	6.000	839.844	0.140
4390.000	6.000	857.422	0.138
4400.000	6.000	857.422	0.138
4410.000	6.000	857.422	0.138
4420.000	6.000	869.141	0.135
4430.000	6.000	869.141	0.135
4440.000	6.000	869.141	0.135
4450.000	6.000	833.984	0.157
4460.000	6.000	833.984	0.157
4470.000	6.000	833.984	0.157
4480.000	6.000	849.609	0.163
4490.000	6.000	849.609	0.163
4500.000	6.000	849.609	0.163
4510.000	6.000	904.297	0.150
4520.000	6.000	904.297	0.150
4530.000	6.000	904.297	0.150
4540.000	6.000	906.250	0.174
4550.000	6.000	906.250	0.174
4560.000	6.000	906.250	0.174
4570.000	6.000	908.203	0.146
4580.000	6.000	908.203	0.146
4590.000	6.000	908.203	0.146
4600.000	6.000	900.391	0.137
4610.000	6.000	900.391	0.137
4620.000	6.000	900.391	0.137
4630.000	6.000	900.391	0.159
4640.000	6.000	900.391	0.159
4650.000	6.000	900.391	0.159
4660.000	6.000	933.594	0.172
4670.000	6.000	933.594	0.172
4680.000	6.000	933.594	0.172
4690.000	6.000	925.781	0.149
4700.000	6.000	925.781	0.149
4710.000	6.000	925.781	0.149
4720.000	6.000	919.922	0.161
4730.000	6.000	919.922	0.161
4740.000	6.000	919.922	0.161
4750.000	6.000	906.250	0.163
4760.000	6.000	906.250	0.163
4770.000	6.000	906.250	0.163
4780.000	6.000	953.125	0.153
4790.000	6.000	953.125	0.153
4800.000	6.000	953.125	0.153
4810.000	6.000	910.156	0.165
4820.000	6.000	910.156	0.165
4830.000	6.000	910.156	0.165
4840.000	6.000	998.047	0.160
4850.000	6.000	998.047	0.160
4860.000	6.000	998.047	0.160
4870.000	6.000	943.359	0.135
4880.000	6.000	943.359	0.135
4890.000	6.000	943.359	0.135
4900.000	6.000	964.844	0.162
4910.000	6.000	964.844	0.162
4920.000	6.000	964.844	0.162
4930.000	6.000	986.328	0.146
4940.000	6.000	986.328	0.146
4950.000	6.000	986.328	0.146
4960.000	6.000	962.891	0.135
4970.000	6.000	962.891	0.135
4980.000	6.000	962.891	0.135
4990.000	6.000	974.609	0.161
5000.000	6.000	974.609	0.161
5010.000	6.000	974.609	0.161
5020.000	6.000	990.234	0.160
5030.000	6.000	990.234	0.160
5040.000	6.000	990.234	0.160
5050.000	6.000	1007.812	0.153
5060.000	6.000	1007.812	0.153
5070.000	6.000	1007.812	0.153
5080.000	6.000	1017.578	0.171
5090.000	6.000	1017.578	0.171
5100.000	6.000	1017.578	0.171
5110.000	6.000	1007.812	0.173
5120.000	6.000	1007.812	0.173
5130.000	6.000	1007.812	0.173
5140.000	6.000	1015.625	0.142
5150.000	6.000	1015.625	0.142
5160.000	6.000	1015.625	0.142
5170.000	6.000	1000.000	0.148
5180.000	6.000	1000.000	0.148
5190.000	6.000	1000.000	0.148
5200.000	6.000	1033.203	0.144
5210.000	6.000	1033.203	0.144
5220.000	6.000	1033.203	0.144
5230.000	6.000	1005.859	0.141
5240.000	6.000	1005.859	0.141
5250.000	6.000	1005.859	0.141
5260.000	6.000	1052.734	0.152
5270.000	6.000	1052.734	0.152
5280.000	6.000	1052.734	0.152
5290.000	6.000	1013.672	0.168
5300.000	6.000	1013.672	0.168
5310.000	6.000	1013.672	0.168
5320.000	6.000	1066.406	0.165
5330.000	6.000	1066.406	0.165
5340.000	6.000	1066.406	0.165
5350.000	6.000	1064.453	0.142
5360.000	6.000	1064.453	0.142
5370.000	6.000	1064.453	0.142
5380.000	6.000	1064.453	0.174
5390.000	6.000	1064.453	0.174
5400.000	6.000	1064.453	0.174
5410.000	6.000	1080.078	0.160
5420.000	6.000	1080.078	0.160
5430.000	6.000	1080.078	0.160
5440.000	6.000	1087.891	0.152
5450.000	6.000	1087.891	0.152
5460.000	6.000	1087.891	0.152
5470.000	6.000	1093.750	0.155
5480.000	6.000	1093.750	0.155
5490.000	6.000	1093.750	0.155
5500.000	6.000	1076.172	0.154
5510.000	6.000	1076.172	0.154
5520.000	6.000	1076.172	0.154
5530.000	6.000	1117.187	0.164
5540.000	6.000	1117.187	0.164
5550.000	6.000	1117.187	0.164
5560.000	6.000	1101.562	0.167
5570.000	6.000	1101.562	0.167
5580.000	6.000	1101.562	0.167
5590.000	6.000	1087.891	0.156
5600.000	6.000	1087.891	0.156
5610.000	6.000	1087.891	0.156
5620.000	6.000	1111.328	0.177
5630.000	6.000	1111.328	0.177
5640.000	6.000	1111.328	0.177
5650.000	6.000	1142.578	0.147
5660.000	6.000	1142.578	0.147
5670.000	6.000	1142.578	0.147
5680.000	6.000	1113.281	0.179
5690.000	6.000	1113.281	0.179
5700.000	6.000	1113.281	0.179
5710.000	6.000	1089.844	0.168
5720.000	6.000	1089.844	0.168
5730.000	6.000	1089.844	0.168
5740.000	6.000	1132.812	0.140
5750.000	6.000	1132.812	0.140
5760.000	6.000	1132.812	0.140
5770.000	6.000	1117.187	0.165
5780.000	6.000	1117.187	0.165
5790.000	6.000	1117.187	0.165
5800.000	6.000	1166.016	0.146
5810.000	6.000	1166.016	0.146
5820.000	6.000	1166.016	0.146
5830.000	6.000	1138.672	0.153
5840.000	6.000	1138.672	0.153
5850.000	6.000	1138.672	0.153
5860.000	6.000	1146.484	0.166
5870.000	6.000	1146.484	0.166
5880.000	6.000	1146.484	0.166
5890.000	6.000	1150.391	0.162
5900.000	6.000	1150.391	0.162
5910.000	6.000	1150.391	0.162
5920.000	6.000	1169.922	0.173
5930.000	6.000	1169.922	0.173
5940.000	6.000	1169.922	0.173
5950.000	6.000	1193.359	0.167
5960.000	6.000	1193.359	0.167
5970.000	6.000	1193.359	0.167
5980.000	6.000	1167.969	0.162
5990.000	6.000	1167.969	0.162
6000.000	6.000	1167.969	0.162
6010.000	6.000	1152.344	0.163
6020.000	6.000	1152.344	0.163
6030.000	6.000	1152.344	0.163
6040.000	6.000	1193.359	0.129
6050.000	6.000	1193.359	0.129
6060.000	6.000	1193.359	0.129
6070.000	6.000	1218.750	0.148
6080.000	6.000	1218.750	0.148
6090.000	6.000	1218.750	0.148
6100.000	6.000	1164.062	0.165
6110.000	6.000	1164.062	0.165
6120.000	6.000	1164.062	0.165
6130.000	6.000	1183.594	0.068
6140.000	6.000	1183.594	0.068
6150.000	6.000	1183.594	0.068
6160.000	6.000	1185.547	-0.006
6170.000	6.000	1185.547	-0.006
6180.000	6.000	1185.547	-0.006
6190.000	6.000	1169.922	0.005
6200.000	6.000	1169.922	0.005
6210.000	6.000	1169.922	0.005
6220.000	6.000	1160.156	0.007
6230.000	6.000	1160.156	0.007
6240.000	6.000	1160.156	0.007
6250.000	6.000	1158.203	-0.021
6260.000	6.000	1158.203	-0.021
6270.000	6.000	1158.203	-0.021
6280.000	6.000	1154.297	-0.003
6290.000	6.000	1154.297	-0.003
6300.000	6.000	1154.297	-0.003
6310.000	6.000	1152.344	-0.019
6320.000	6.000	1152.344	-0.019
6330.000	6.000	1152.344	-0.019
6340.000	6.000	1111.328	-0.007
6350.000	6.000	1111.328	-0.007
6360.000	6.000	1111.328	-0.007
6370.000	6.000	1093.750	-0.006
6380.000	6.000	1093.750	-0.006
6390.000	6.000	1093.750	-0.006
6400.000	6.000	1085.937	-0.010
6410.000	6.000	1085.937	-0.010
6420.000	6.000	1085.937	-0.010
6430.000	6.000	1125.000	-0.017
6440.000	6.000	1125.000	-0.017
6450.000	6.000	1125.000	-0.017
6460.000	6.000	1087.891	-0.018
6470.000	6.000	1087.891	-0.018
6480.000	6.000	1087.891	-0.018
6490.000	6.000	1087.891	-0.021
6500.000	6.000	1087.891	-0.021
6510.000	6.000	1087.891	-0.021
6520.000	6.000	1060.547	-0.010
6530.000	6.000	1060.547	-0.010
6540.000	6.000	1060.547	-0.010
6550.000	6.000	1066.406	-0.031
6560.000	6.000	1066.406	-0.031
6570.000	6.000	1066.406	-0.031
6580.000	6.000	1068.359	-0.023
6590.000	6.000	1068.359	-0.023
6600.000	6.000	1068.359	-0.023
6610.000	6.000	1048.828	-0.022
6620.000	6.000	1048.828	-0.022
6630.000	6.000	1048.828	-0.022
6640.000	6.000	1019.531	-0.004
6650.000	6.000	1019.531	-0.004
6660.000	6.000	1019.531	-0.004
6670.000	6.000	1027.344	-0.002
6680.000	6.000	1027.344	-0.002
6690.000	6.000	1027.344	-0.002
6700.000	6.000	1035.156	-0.016
6710.000	6.000	1035.156	-0.016
6720.000	6.000	1035.156	-0.016
6730.000	6.000	1027.344	-0.022
6740.000	6.000	1027.344	-0.022
6750.000	6.000	1027.344	-0.022
6760.000	6.000	996.094	-0.024
6770.000	6.000	996.094	-0.024
6780.000	6.000	996.094	-0.024
6790.000	6.000	998.047	-0.005
6800.000	6.000	998.047	-0.005
6810.000	6.000	998.047	-0.005
6820.000	6.000	968.750	0.000
6830.000	6.000	968.750	0.000
6840.000	6.000	968.750	0.000
6850.000	6.000	943.359	-0.033
6860.000	6.000	943.359	-0.033
6870.000	6.000	943.359	-0.033
6880.000	6.000	970.703	-0.027
6890.000	6.000	970.703	-0.027
6900.000	6.000	970.703	-0.027
6910.000	6.000	968.750	-0.029
6920.000	6.000	968.750	-0.029
6930.000	6.000	968.750	-0.029
6940.000	6.000	919.922	-0.010
6950.000	6.000	919.922	-0.010
6960.000	6.000	919.922	-0.010
6970.000	6.000	919.922	-0.016
6980.000	6.000	919.922	-0.016
6990.000	6.000	919.922	-0.016
7000.000	6.000	908.203	-0.013
7010.000	6.000	908.203	-0.013
7020.000	6.000	908.203	-0.013
